190732,,
190733,,
190734,,
190735,,
190736,,
190737,,
190738,,
190739,,
190740,,
190742,,
190743,,
190744,,
190745,,
190746,,
190747,,
190748,,
190749,,
190750,,
190751,,
190752,,
190753,,
190754,,
190755,,
190756,,
190757,,
190758,,
190759,,
190800,,
190801,,
190802,,
190803,,
190804,,
190805,,
190806,,
190807,,
190808,,
190809,,
190810,,
190811,,
190812,,
190813,,
190814,,
190815,,
190816,,
190817,,
190818,,
190819,,
190820,,
190821,,
190822,,
190823,,
190824,,
190825,,
190826,,
190827,,
190828,,
190829,,
190830,,
190831,,
190833,,
190834,,
190835,,
190836,,
190837,,
190838,,
190839,,
190840,,
190841,,
190842,,
190843,,
190844,,
190845,,
190846,,
190847,,
190848,,
190849,,
190850,,
190851,,
190852,,
190853,,
190854,,
190855,,
190856,,
190857,,
190858,,
190859,,
190900,,
190901,,
190902,,
190903,,
190904,,
190905,,
190906,,
190907,,
190908,,
190909,,
190910,,
190911,,
190912,,
190913,,
190914,,
190915,,
190916,,
190917,,
190918,,
190919,,
190920,,
190921,,
190922,,
190923,,
190925,,
190926,,
190927,,
190928,,
190929,,
190930,,
190931,,
190932,,
190933,,
190934,,
190935,,
190936,,
190937,,
190938,,
190939,,
190940,,
190941,,
190942,,
190943,,
190944,,
190945,,
190946,,
190947,,
190948,,
190949,,
190950,,
190951,,
190952,,
190953,,
190954,,
190955,,
190956,,
190957,,
190958,,
190959,,
191000,,
191001,,
191002,,
191003,,
191004,,
191005,,
191006,,
191007,,
191008,,
191009,,
191010,,
191011,,
191012,,
191013,,
191015,,
191016,,
191017,,
191018,,
191019,,
191020,,
191021,,
191022,,
191023,,
191024,,
191025,,
191026,,
191027,,
191028,,
191029,,
191030,,
191031,,
191032,,
191033,,
191034,,
191035,,
191036,,
191037,,
191038,,
191039,,
191040,,
191041,,
191042,,
191043,,
191044,,
191045,,
191046,,
191047,,
191048,,
191049,,
191050,,
191051,,
191052,,
191053,,
191054,,
191055,,
191056,,
191057,,
191058,,
191059,,
191100,,
191101,,
191102,,
191103,,
191104,,
191106,,
191107,,
191108,,
191109,,
191110,,
191111,,
191112,,
191113,,
191114,,
191115,,
191116,,
191117,,
191118,,
191119,,
191120,,
191121,,
191122,,
191123,,
191124,,
191125,,
191126,,
191127,,
191128,,
191129,,
191130,,
191131,,
191132,,
191133,,
191134,,
191135,,
191136,,
191137,,
191138,,
191139,,
191140,,
191141,,
191142,,
191143,,
191144,,
191145,,
191146,,
191147,,
191148,,
191149,,
191150,,
191151,,
191152,,
191153,,
191154,,
191155,,
191156,,
191157,,
191158,,
191159,,
191200,,
191201,,
191203,,
191204,,
191205,,
191206,,
191207,,
191208,,
191209,,
191210,,
191211,,
191212,,
191213,,
191214,,
191215,,
191216,,
191217,,
191218,,
191219,,
191220,,
191221,,
191222,,
191223,,
191224,,
191225,,
191226,,
191227,,
191228,,
191229,,
191230,,
191231,,
191232,,
191233,,
191234,,
191235,,
191236,,
191237,,
191238,,
191239,,
191240,,
191241,,
191242,,
191243,,
191244,,
191245,,
191246,,
191247,,
191248,,
191249,,
191250,,
191251,,
191252,,
191253,,
191254,,
191255,,
191256,,
191257,,
191258,,
191259,,
191301,,
191302,,
191303,,
191304,,
191305,,
191306,,
191307,,
191308,,
191309,,
191310,,
191311,,
191312,,
191313,,
191314,,
191315,,
191316,,
191317,,
191318,,
191319,,
191320,,
191321,,
191322,,
191323,,
191324,,
191325,,
191326,,
191327,,
191328,,
191329,,
191330,,
191331,,
191332,,
191333,,
191334,,
191335,,
191336,,
191337,,
191338,,
191339,,
191340,,
191341,,
191342,,
191343,,
191344,,
191345,,
191346,,
191347,,
191348,,
191349,,
191350,,
191351,,
191352,,
191353,,
191354,,
191355,,
191356,,
191357,,
191358,,
191359,,
191401,,
191402,,
191403,,
191404,,
191405,,
191406,,
191407,,
191408,,
191409,,
191410,,
191411,,
191412,,
191413,,
191414,,
191415,,
191416,,
191417,,
191418,,
191419,,
191420,,
191421,,
191422,,
191423,,
191424,,
191425,,
191426,,
191427,,
191428,,
191429,,
191430,,
191431,,
191432,,
191433,,
191434,,
191435,,
191436,,
191437,,
191438,,
191439,,
191440,,
191441,,
191442,,
191443,,
191444,,
191445,,
191446,,
191447,,
191448,,
191449,,
191450,,
191451,,
191452,,
191453,,
191454,,
191455,,
191456,,
191457,,
191458,,
191500,,
191501,,
191502,,
191503,,
191504,,
191505,,
191506,,
191507,,
191508,,
191509,,
191510,,
191511,,
191512,,
191513,,
191514,,
191515,,
191516,,
191517,,
191518,,
191519,,
191520,,
191521,,
191522,,
191523,,
191524,,
191525,,
191526,,
191527,,
191528,,
191529,,
191530,,
191531,,
191532,,
191533,,
191534,,
191535,,
191536,,
191537,,
191538,,
191539,,
191540,,
191541,,
191542,,
191543,,
191544,,
191545,,
191546,,
191547,,
191548,,
191549,,
191550,,
191551,,
191552,,
191553,,
191555,,
191556,,
191557,,
191558,,
191559,,
191600,,
191601,,
191602,,
191603,,
191604,,
191605,,
191606,,
191607,,
191608,,
191609,,
191610,,
191611,,
191612,,
191613,,
191614,,
191615,,
191616,,
191617,,
191618,,
191619,,
191620,,
191621,,
191622,,
191623,,
191624,,
191625,,
191626,,
191627,,
191628,,
191629,,
191630,,
191631,,
191632,,
191633,,
191634,,
191635,,
191636,,
191637,,
191638,,
191639,,
191640,,
191641,,
191642,,
191643,,
191644,,
191645,,
191646,,
191647,,
191648,,
191650,,
191651,,
191652,,
191653,,
191654,,
191655,,
191656,,
191657,,
191658,,
191659,,
191700,,
191701,,
191702,,
191703,,
191704,,
191705,,
191706,,
191707,,
191708,,
191709,,
191710,,
191711,,
191712,,
191713,,
191714,,
191715,,
191716,,
