1.852000,64420,72823,67985
3.704000,41035,60748
7.408000,158619,72823
20.372000,79073,107935
24.076000,94217,50846,87401
29.632000,94217,146545,107935
35.188000,109280,146545,40679,63678
38.892000,76517,61286
50.004000,57194,35412,48442
64.820000,33180,40894
70.376000,46362,7183
81.488000,43185,64445,23155
87.044000,43185,19424,58776
96.304000,43185,6491,58776
109.268000,2302,6417,31661,62301
114.824000,2302,17003,18055
124.084000,2302,20811
129.640000,2302,49474
131.492000,2302,13996
137.048000,2302,14191
140.752000,2302,25332
146.308000,2302,62556
150.012000,2302,26519
153.716000,2302,73274
161.124000,2302,11955,73274
166.680000,2302,34304
175.940000,1773,34891
177.792000,1056,49327,13470
181.496000,1244,33001
185.200000,1244,3950,44264,52515
187.052000,1244,5643,24047,2486
190.756000,1221,33001
194.460000,1221,44264,54894
200.016000,1221,33001,7268
201.868000,1221,20456,11773,5185,7268
207.424000,1221,20456,23805
209.276000,1221,13071,5185
24.076000,50846,87401
81.488000,64445,23155
114.824000,17003,18055
120.380000,17003,14191
148.160000,13566,25332,18791,33666
155.568000,13566,18791,21777
233.352000,1637,5185
246.316000,5748,7396,2715,2486
251.872000,1629,34255,2486,27336
350.028000,1148,11278
351.880000,1148,29037
362.992000,1249,13389
375.956000,1221,41693
379.660000,1221,25734
387.068000,1221,10006
403.736000,1221,24769
427.812000,24835,44710
435.220000,29780,44710
438.924000,29780,17062
444.480000,36015,8269
446.332000,29835,37954
457.444000,43997,13599
461.148000,43997,16087,28127
477.816000,25711,45375
485.224000,9260,1480
492.632000,9260,14930
500.040000,9260,40903
503.744000,9260,1480
1.852000,72823,67985
12.964000,51431,47853,24708,107935
18.520000,73091,94761
29.632000,146545,107935
35.188000,146545,40679,63678
40.744000,92886,29445
46.300000,92886,48956
51.856000,49990,29445,40894
68.524000,73456,12421
107.416000,59572,6417,20019,53471
142.604000,25332,18791,21777
148.160000,25332,18791,33666
157.420000,11955,64696
161.124000,11955,73274
168.532000,11955,73274
170.384000,11955,47195,37057,73274
187.052000,5643,24047,2486
220.388000,54034,9852
235.204000,48273,5185,59363
268.540000,51818,2486,6491
307.432000,72007,7926,2550,25234
331.508000,18321,3200
468.556000,45375,13259
507.448000,25860,1480
518.560000,25860,11101
524.116000,25860,10765
551.896000,4782,8377,41497
559.304000,4782,3523
561.156000,4782,22094
575.972000,4782,6171,21245
579.676000,4782,6171
587.084000,4782,10928,15291
590.788000,4782,4848,16050
596.344000,4782,4807,15291
9.260000,62635,93993,85055
12.964000,47853,24708,107935
22.224000,37844,91537,17474,81445
51.856000,29445,40894
55.560000,15247,48442
62.968000,3469,40894,48442
72.228000,7183,35412,10650
74.080000,1564,18127,41502
83.340000,5831,37555,48632,38299
185.200000,3950,44264,52515
231.500000,4126,7601,13071,27336
242.612000,1188,2715,42046
259.280000,3895,8410,15273
288.912000,7926,16761
307.432000,7926,2550,25234
416.700000,32617,42683
422.256000,32617,23007,9855,6530,24689
461.148000,16087,28127
490.780000,28285,9423
525.968000,18957,9638
551.896000,8377,41497
572.268000,3523,10990
575.972000,6171,21245
590.788000,4848,16050
596.344000,4807,15291
601.900000,20172,2672
609.308000,20172,3884
627.828000,9341,5999
637.088000,3347,23121
638.940000,3347,4496
648.200000,3347,25474
650.052000,3347,23121
664.868000,13351,9363
683.388000,20849,17677
687.092000,20849,17598
692.648000,14318,9261,17598
698.204000,19997,9261
727.836000,15253,15534
737.096000,15253,37315
742.652000,15253,29043,14118
750.060000,13180,3334,38546
757.468000,24579,14118
781.544000,20744,16035
803.768000,10400,26454,7577
811.176000,7425,15689
820.436000,11506,15689
827.844000,11506,8527,12339
855.624000,3557,25607
881.552000,7366,3255,16590
890.812000,7748,23191,15550
903.776000,7748,14497
903.776000,7748,14497
916.740000,3737,36920
914.888000,5836,14497
920.444000,4128,11893
922.296000,4128,30055
929.704000,6900,26772,14497
942.668000,4638,15045,10796
22.224000,91537,17474,81445
27.780000,46786,41183
50.004000,35412,48442
66.672000,35412,19984,42192
72.228000,35412,10650
92.600000,10197,37555
96.304000,6491,58776
100.008000,10197,31661
101.860000,6417,31661,58891
107.416000,6417,20019,53471
109.268000,6417,31661,62301
118.528000,6567,53220
135.196000,57207,49474
142.604000,18791,21777
148.160000,18791,33666
155.568000,18791,21777
170.384000,47195,37057,73274
177.792000,49327,13470
185.200000,44264,52515
194.460000,44264,54894
201.868000,20456,11773,5185,7268
207.424000,20456,23805
231.500000,7601,13071,27336
237.056000,7601,2715,2486
238.908000,5913,6680
246.316000,7396,2715,2486
248.168000,34255,3507
251.872000,34255,2486,27336
253.724000,34255,3507,2486,2486
264.836000,9245,2486,3849
277.800000,20314,2486
285.208000,17334,2486
290.764000,10356,14676
303.728000,21295,25234
307.432000,2550,25234
314.840000,26104,23268
329.656000,26104,24970
359.288000,14700,28209
409.292000,19253,4609,42683
422.256000,23007,9855,6530,24689
442.628000,13845,8269,42684
550.044000,9638,36601
587.084000,10928,15291
585.232000,10928,2672,31355
663.016000,9714,31674
692.648000,9261,17598
716.724000,9261,21752
764.876000,4668,18454
779.692000,8141,3622
827.844000,8527,12339
835.252000,8527,4112,25469
840.808000,8527,25469
881.552000,3255,16590
12.964000,24708,107935
22.224000,17474,81445
35.188000,40679,63678
62.968000,40894,48442
79.636000,10650,40726
87.044000,19424,58776
101.860000,31661,58891
109.268000,31661,62301
200.016000,33001,7268
201.868000,11773,5185,7268
209.276000,13071,5185
218.536000,13071,5185
222.240000,13071,43964,2879
231.500000,13071,27336
237.056000,2715,2486
240.760000,2715,18579
242.612000,2715,42046
246.316000,2715,2486
253.724000,3507,2486,2486
259.280000,8410,15273
266.688000,1070,2486
292.616000,12349,1077
357.436000,12625,1774
409.292000,4609,42683
422.256000,9855,6530,24689
442.628000,8269,42684
585.232000,2672,31355
605.604000,10155,32518,22331
690.796000,3632,28410
750.060000,3334,38546
768.580000,3622,30718
835.252000,4112,25469
894.516000,7084,36920,14497
9.260000,93993,85055
66.672000,19984,42192
74.080000,18127,41502
83.340000,37555,48632,38299
107.416000,20019,53471
112.972000,20019,53220,70868
170.384000,37057,73274
196.312000,24047,7268
201.868000,5185,7268
235.204000,5185,59363
251.872000,2486,27336
255.576000,2486,15273
255.576000,2486,15273
264.836000,2486,3849
268.540000,2486,6491
320.396000,3200,41658
422.256000,6530,24689
724.132000,15534,16124
731.540000,37315,25049
742.652000,29043,14118
785.248000,16035,28018
787.100000,16035,14118
877.848000,8030,17815
885.256000,19687,17815,12339
890.812000,23191,15550
894.516000,36920,14497
909.332000,36920,11893,14497
929.704000,26772,14497
942.668000,15045,10796
951.928000,9429,17112
42.596000,33000,53630
83.340000,48632,38299
112.972000,53220,70868
222.240000,43964,2879
274.096000,6491,2913
513.004000,51660,27707
885.256000,17815,12339
1016.748000,33981,16834
1042.676000,29658,30722,11731
1051.936000,29658,23105
1066.752000,20821,19425
1072.308000,26778,19425
605.604000,32518,22331
803.768000,26454,7577
909.332000,11893,14497
1042.676000,30722,11731
