1.852000,47,1560,118
3.704000,33,95
7.408000,112,30
20.372000,543,148
24.076000,33,1635,133
29.632000,72,181,149
35.188000,63,152,138,89
38.892000,66,-1
50.004000,205,850,82
64.820000,801,-1
70.376000,52,79
81.488000,393,910,758
87.044000,138,292,541
96.304000,51,113,336
109.268000,242,188,102,364
114.824000,394,766,178
124.084000,285,74
129.640000,-1,1631
131.492000,-1,62
137.048000,-1,242
140.752000,-1,-1
146.308000,-1,424
150.012000,-1,97
153.716000,-1,204
161.124000,-1,-1,-1
166.680000,-1,158
175.940000,-1,41
177.792000,-1,63,41
181.496000,-1,-1
185.200000,-1,964,817,48
187.052000,-1,-1,115
194.460000,-1,538,885
200.016000,-1,-1,-1
207.424000,-1,119,139
209.276000,-1,222,-1
201.868000,-1,374,87,32,145
190.756000,-1,363
24.076000,1635,133
81.488000,910,758
114.824000,766,178
120.380000,967,72
148.160000,681,-1,251,479
155.568000,1339,101,257
233.352000,773,-1
246.316000,202,110,-1,-1
251.872000,215,140,437,783
350.028000,-1,1157
351.880000,480,475
362.992000,60,1085
375.956000,-1,503
379.660000,111,754
387.068000,202,1029
403.736000,110,100
427.812000,188,551
435.220000,-1,1159
438.924000,37,697
444.480000,1300,1196
446.332000,320,-1
457.444000,182,1640
461.148000,-1,480,-1
477.816000,-1,201
485.224000,-1,593
492.632000,0,1198
500.040000,-1,1151
503.744000,-1,1946
1.852000,1560,118
12.964000,142,59,180,147
18.520000,20,105
29.632000,181,149
35.188000,152,138,89
40.744000,155,1761
46.300000,106,26
51.856000,205,-1,-1
68.524000,239,-1
107.416000,-1,320,463,136
142.604000,-1,93,543
148.160000,-1,251,479
157.420000,-1,114
161.124000,-1,-1
168.532000,-1,-1
170.384000,-1,196,265,45
187.052000,-1,115
220.388000,1141,823
235.204000,142,-1,251
268.540000,897,-1,111
307.432000,863,66,8,126
331.508000,806,-1
468.556000,334,122
507.448000,586,937
518.560000,695,747
524.116000,744,-1
551.896000,697,561,453
559.304000,-1,192
561.156000,-1,163
575.972000,-1,719,1226
579.676000,-1,243
587.084000,-1,-1,134
590.788000,-1,-1,783
596.344000,-1,448,989
9.260000,66,502,51
12.964000,59,180,147
22.224000,214,388,142,623
51.856000,-1,-1
55.560000,25,260
62.968000,-1,-1,544
72.228000,-1,1033,220
74.080000,11,48,192
83.340000,-1,176,424,384
185.200000,964,817,48
231.500000,1039,-1,-1,1370
242.612000,912,-1,109
259.280000,85,-1,-1
288.912000,1552,123
307.432000,66,8,126
416.700000,1128,398
422.256000,483,100,958,765,732
461.148000,480,-1
490.780000,642,556
525.968000,574,95
551.896000,561,453
572.268000,760,18
575.972000,719,1226
590.788000,-1,783
596.344000,448,989
601.900000,430,930
609.308000,42,98
627.828000,118,35
637.088000,-1,875
638.940000,277,512
648.200000,223,686
650.052000,96,1505
664.868000,76,767
683.388000,-1,374
687.092000,-1,155
692.648000,-1,1190,703
698.204000,559,1652
727.836000,195,203
737.096000,-1,999
742.652000,74,734,-1
750.060000,219,968,291
757.468000,456,-1
781.544000,-1,-1
803.768000,215,283,595
811.176000,141,811
820.436000,109,1256
827.844000,-1,589,122
855.624000,217,169
881.552000,-1,697,173
890.812000,-1,197,150
903.776000,-1,-1
909.332000,-1,103,88,-1
914.888000,37,22
916.740000,-1,443
920.444000,-1,186
922.296000,201,272
929.704000,-1,49,315
942.668000,160,166,249
22.224000,388,142,623
27.780000,532,698
50.004000,850,82
66.672000,1165,429,476
72.228000,1033,220
92.600000,550,35
96.304000,113,336
100.008000,472,99
101.860000,461,150,183
107.416000,320,463,136
109.268000,188,102,364
118.528000,120,212
135.196000,947,577
142.604000,93,543
148.160000,251,479
155.568000,101,257
170.384000,196,265,45
177.792000,63,41
185.200000,817,48
194.460000,538,885
201.868000,374,87,32,145
207.424000,119,139
231.500000,-1,-1,1370
237.056000,215,-1,53
238.908000,-1,-1
246.316000,110,-1,-1
248.168000,-1,95
251.872000,140,437,783
253.724000,-1,-1,-1
264.836000,482,998
277.800000,70,-1
285.208000,105,-1
290.764000,128,-1
303.728000,138,-1
307.432000,8,126
314.840000,-1,89
329.656000,252,1092
359.288000,223,862
409.292000,103,1407,838
422.256000,100,958,765,732
442.628000,-1,1371,1293
550.044000,194,831
585.232000,-1,391,472
587.084000,-1,134
663.016000,1132,195
692.648000,1190,703
716.724000,261,425
764.876000,1462,313
779.692000,547,797
827.844000,589,122
835.252000,510,762,143
840.808000,475,-1
881.552000,697,173
12.964000,180,147
22.224000,142,623
35.188000,138,89
62.968000,-1,544
79.636000,217,185
87.044000,292,541
101.860000,150,183
109.268000,102,364
200.016000,-1,-1
201.868000,87,32,145
209.276000,222,-1
218.536000,-1,-1
222.240000,386,96,-1
231.500000,-1,1370
237.056000,-1,53
240.760000,22,-1
242.612000,-1,109
246.316000,-1,-1
253.724000,-1,-1
259.280000,-1,-1
266.688000,-1,-1
292.616000,33,-1
357.436000,1816,1063
409.292000,1407,838
422.256000,958,765,732
442.628000,1371,1293
585.232000,391,472
605.604000,803,498,202
690.796000,854,103
750.060000,968,291
768.580000,1288,259
835.252000,762,143
894.516000,786,110,331
9.260000,502,51
66.672000,429,476
74.080000,48,192
83.340000,176,424,384
107.416000,463,136
112.972000,24,203,938
170.384000,265,45
196.312000,219,-1
201.868000,32,145
235.204000,-1,251
251.872000,437,783
255.576000,-1,6
268.540000,-1,111
320.396000,84,64
422.256000,765,732
724.132000,133,647
731.540000,140,187
742.652000,734,-1
785.248000,-1,349
787.100000,-1,21
877.848000,63,560
885.256000,82,436,360
890.812000,197,150
894.516000,110,331
909.332000,103,88,-1
929.704000,49,315
942.668000,166,249
951.928000,-1,325
42.596000,111,564
83.340000,424,384
112.972000,203,938
222.240000,96,-1
274.096000,96,879
513.004000,230,210
885.256000,436,360
1016.748000,404,140
1042.676000,260,108,-1
1051.936000,529,292
1066.752000,142,45
1072.308000,496,-1
605.604000,498,202
803.768000,283,595
909.332000,88,-1
1042.676000,108,-1
