161846,12.964
161848,12.964
161850,11.112
161852,11.112
161854,11.112
161856,11.112
161858,11.112
161900,11.112
161902,11.112
161904,11.112
161906,11.112
161908,11.112
161910,11.112
161912,11.112
161914,11.112
161916,11.112
161918,11.112
161920,12.964
161922,14.816
161924,14.816
161926,16.668
161928,18.52
161930,18.52
161932,20.372
161934,22.224
161936,22.224
161938,24.076
161940,24.076
161942,25.928
161944,27.78
161946,27.78
161948,27.78
161950,29.632
161952,31.484
161954,31.484
161956,33.336
161958,35.188
162000,37.04
162002,38.892
162004,40.744
162006,42.596
162008,44.448
162010,46.3
162012,46.3
162014,48.152
162016,48.152
162018,48.152
162020,50.004
162022,51.856
162024,51.856
162026,53.708
162028,55.56
162030,55.56
162032,57.412
162034,59.264
162036,61.116
162038,61.116
162040,62.968
162042,62.968
162044,64.82
162046,66.672
162048,66.672
162050,68.524
162052,68.524
162054,68.524
162056,70.376
162058,72.228
162100,72.228
162102,74.08
162104,75.932
162106,75.932
162108,77.784
162110,79.636
162112,81.488
162114,83.34
162116,83.34
162118,85.192
162120,87.044
162122,87.044
162124,88.896
162126,90.748
162128,90.748
162130,92.6
162132,94.452
162134,96.304
162136,98.156
162138,100.008
162140,101.86
162142,101.86
162144,103.712
162146,103.712
162148,105.564
162150,107.416
162152,109.268
162154,111.12
162156,112.972
162158,112.972
162200,114.824
162202,114.824
162204,116.676
162206,118.528
162208,120.38
162212,120.38
162214,122.232
162216,124.084
162218,122.232
162220,122.232
162222,122.232
162224,124.084
162226,124.084
162228,125.936
162230,127.788
162232,129.64
162234,129.64
162236,131.492
162238,131.492
162240,133.344
162242,135.196
162244,135.196
162246,137.048
162248,138.9
162250,138.9
162252,142.604
162254,142.604
162256,144.456
162258,146.308
162300,148.16
162302,148.16
162304,148.16
162306,150.012
162308,151.864
162310,153.716
162312,155.568
162314,155.568
162316,157.42
162318,159.272
162320,159.272
162322,161.124
162324,162.976
162326,164.828
162328,166.68
162330,166.68
162332,170.384
162334,170.384
162336,172.236
162338,174.088
162340,174.088
162342,177.792
162344,179.644
162346,179.644
162348,181.496
162350,183.348
162352,183.348
162354,185.2
162356,187.052
162358,188.904
162400,190.756
162402,192.608
162404,192.608
162406,194.46
162408,196.312
162410,198.164
162412,200.016
162414,200.016
162416,201.868
162418,203.72
162420,205.572
162422,207.424
162424,207.424
162426,211.128
162428,211.128
162430,212.98
162432,214.832
162434,216.684
162436,216.684
162438,216.684
162440,216.684
162442,216.684
162444,218.536
162446,218.536
162448,218.536
162450,218.536
162452,218.536
162454,220.388
162456,220.388
162458,220.388
162500,222.24
162502,224.092
162504,224.092
162506,225.944
162508,227.796
162510,227.796
162512,229.648
162514,231.5
162516,231.5
162518,233.352
162520,235.204
162522,237.056
162524,238.908
162526,238.908
162528,240.76
162530,240.76
162532,242.612
162534,242.612
162536,244.464
162538,246.316
162540,246.316
162542,248.168
162544,248.168
162546,250.02
162548,251.872
162550,251.872
162552,251.872
162554,251.872
162556,251.872
162558,253.724
162600,255.576
162602,257.428
162604,259.28
162606,259.28
162608,261.132
162610,262.984
162612,264.836
162614,264.836
162616,264.836
162618,266.688
162620,268.54
162622,268.54
162624,270.392
162626,272.244
162628,274.096
162630,275.948
162632,277.8
162634,279.652
162636,279.652
162638,283.356
162640,283.356
162642,285.208
162644,287.06
162646,288.912
162648,290.764
162650,292.616
162652,294.468
162654,294.468
162656,296.32
162658,298.172
162700,300.024
162702,301.876
162704,301.876
162706,303.728
162708,305.58
162710,305.58
162712,307.432
162714,307.432
162716,309.284
162718,311.136
162720,312.988
162722,312.988
162724,314.84
162726,316.692
162728,316.692
162730,318.544
162732,320.396
162734,320.396
162736,324.1
162738,324.1
162740,325.952
162742,327.804
162744,329.656
162746,331.508
162748,331.508
162750,335.212
162752,335.212
162754,337.064
162756,337.064
162758,338.916
162800,340.768
162802,342.62
162804,344.472
162806,346.324
162808,346.324
162810,348.176
162812,350.028
162814,351.88
162816,351.88
162818,353.732
162820,355.584
162822,355.584
162824,357.436
162826,359.288
162828,359.288
162830,359.288
162832,361.14
162834,362.992
162836,362.992
162838,364.844
162840,366.696
162842,368.548
162844,370.4
162846,372.252
162848,374.104
162850,375.956
162852,377.808
162854,379.66
162856,381.512
162858,383.364
162900,385.216
162902,387.068
162904,388.92
162906,390.772
162908,392.624
162910,394.476
162912,394.476
162914,398.18
162916,398.18
162918,400.032
162920,401.884
162922,403.736
162924,405.588
162926,407.44
162928,409.292
162930,412.996
162932,412.996
162934,414.848
162936,418.552
162938,418.552
162940,422.256
162942,422.256
162944,424.108
162946,425.96
162948,427.812
162950,429.664
162952,431.516
162954,433.368
162956,435.22
162958,437.072
163000,438.924
163002,438.924
163004,442.628
163006,442.628
163008,446.332
163010,446.332
163012,450.036
163014,450.036
163016,451.888
163018,453.74
163020,455.592
163022,459.296
163024,459.296
163026,461.148
163028,463.0
163030,464.852
163032,466.704
163034,468.556
163036,468.556
163038,472.26
163040,472.26
163042,474.112
163044,475.964
163046,479.668
163048,479.668
163050,481.52
163052,483.372
163054,485.224
163056,485.224
163058,488.928
163100,490.78
163102,492.632
163104,494.484
163106,496.336
163108,498.188
163110,500.04
163112,501.892
163114,503.744
163116,505.596
163118,507.448
163120,509.3
163122,511.152
163124,511.152
163126,514.856
163128,516.708
163130,518.56
163132,520.412
163134,520.412
163136,524.116
163138,524.116
163140,527.82
163142,527.82
163144,531.524
163146,533.376
163148,535.228
163150,537.08
163152,537.08
163154,540.784
163156,540.784
163158,544.488
163200,546.34
163202,548.192
163204,548.192
163206,550.044
163208,551.896
163210,553.748
163212,555.6
163214,557.452
163216,557.452
163218,561.156
163220,561.156
163222,564.86
163224,564.86
163226,568.564
163228,568.564
163230,572.268
163232,574.12
163234,575.972
163236,575.972
163238,577.824
163240,581.528
163242,581.528
163244,583.38
163246,585.232
163248,587.084
163250,588.936
163252,590.788
163254,592.64
163256,594.492
163258,596.344
163300,600.048
163302,600.048
163304,603.752
163306,605.604
163308,607.456
163310,609.308
163312,613.012
163314,613.012
163316,616.716
163318,618.568
163320,620.42
163322,622.272
163324,624.124
163326,625.976
163328,627.828
163330,631.532
163332,631.532
163334,633.384
163336,633.384
163338,635.236
163340,637.088
163342,638.94
163344,640.792
163346,644.496
163348,644.496
163350,648.2
163352,650.052
163354,650.052
163356,651.904
163358,653.756
163400,657.46
163402,657.46
163404,661.164
163406,661.164
163408,664.868
163410,664.868
163412,666.72
163414,668.572
163416,670.424
163418,672.276
163420,674.128
163422,675.98
163424,677.832
163426,679.684
163428,681.536
163430,683.388
163432,685.24
163434,687.092
163436,688.944
163438,679.684
163440,687.092
163442,687.092
163444,688.944
163446,690.796
163448,692.648
163450,696.352
163452,696.352
163454,698.204
163456,701.908
163458,701.908
163500,705.612
163502,707.464
163504,709.316
163506,713.02
163508,714.872
163510,714.872
163512,718.576
163514,720.428
163516,720.428
163518,724.132
163520,725.984
163522,727.836
163524,731.54
163526,731.54
163528,733.392
163530,735.244
163532,737.096
163534,738.948
163536,740.8
163538,742.652
163540,746.356
163542,746.356
163544,748.208
163546,750.06
163548,751.912
163550,753.764
163552,755.616
163554,757.468
163556,759.32
163558,761.172
163600,763.024
163602,766.728
163604,764.876
163606,768.58
163608,768.58
163610,772.284
163612,772.284
163614,775.988
163616,775.988
163618,779.692
163620,779.692
163622,781.544
163624,783.396
163626,785.248
163628,787.1
163630,788.952
163632,790.804
163634,792.656
163636,794.508
163638,796.36
163640,798.212
163642,800.064
163644,801.916
163646,803.768
163648,805.62
163650,807.472
163652,809.324
163654,811.176
163656,813.028
163658,814.88
163700,818.584
163702,818.584
163704,820.436
163706,824.14
163708,825.992
163710,827.844
163712,827.844
163714,831.548
163716,833.4
163718,835.252
163720,837.104
163722,838.956
163724,840.808
163726,842.66
163728,844.512
163730,846.364
163732,848.216
163734,850.068
163736,851.92
163738,853.772
163740,857.476
163742,859.328
163744,861.18
163746,863.032
163748,863.032
163750,866.736
163752,868.588
163754,870.44
163756,872.292
163758,874.144
163800,875.996
163802,877.848
163804,879.7
163806,881.552
163808,883.404
163810,885.256
163812,887.108
163814,888.96
163816,890.812
163818,892.664
163820,896.368
163822,896.368
163824,898.22
163826,900.072
163828,901.924
163830,905.628
163832,905.628
163834,909.332
163836,909.332
163838,913.036
163840,914.888
163842,916.74
163844,918.592
163846,920.444
163848,922.296
163850,924.148
163852,926.0
163854,927.852
163856,929.704
163858,931.556
163900,933.408
163902,937.112
163904,938.964
163906,937.112
163908,937.112
163910,937.112
163912,937.112
163914,937.112
163916,937.112
163918,937.112
163920,937.112
163922,940.816
163924,942.668
163926,942.668
163928,944.52
163930,946.372
163932,948.224
163934,950.076
163936,950.076
163938,951.928
163940,953.78
163942,955.632
163944,957.484
163946,961.188
163948,961.188
163950,963.04
163952,964.892
163954,964.892
163956,966.744
163958,970.448
164000,970.448
164002,974.152
164004,976.004
164006,977.856
164008,979.708
164010,981.56
164012,983.412
164014,987.116
164016,988.968
164018,988.968
164020,992.672
164022,992.672
164024,996.376
164026,996.376
164028,1000.08
164030,1000.08
164032,1003.784
164034,1003.784
164036,1005.636
164038,1007.488
164040,1009.34
164042,1011.192
164044,1014.896
164046,1014.896
164048,1016.748
164050,1018.6
164052,1020.452
164054,1022.304
164056,1026.008
164058,1026.008
164100,1027.86
164102,1029.712
164104,1031.564
164106,1033.416
164108,1035.268
164110,1037.12
164112,1040.824
164114,1040.824
164116,1042.676
164118,1044.528
164120,1046.38
164122,1046.38
164124,1050.084
164126,1051.936
164128,1053.788
164130,1055.64
164132,1057.492
164134,1059.344
164136,1061.196
164138,1063.048
164140,1064.9
164142,1064.9
164144,1066.752
164146,1066.752
164148,1066.752
164150,1066.752
164152,1066.752
164154,1066.752
164156,1066.752
164158,1066.752
164200,1070.456
164202,1070.456
164204,1072.308
164206,1072.308
164208,1072.308
164210,1072.308
164212,1072.308
164214,1072.308
