161847,-37,1.0
161848,-35,1.0
161849,-36,1.0
161850,-36,1.0
161851,-35,1.0
161852,-36,1.0
161853,-36,1.0
161854,-37,1.0
161855,-39,1.0
161856,-37,1.0
161857,-37,1.0
161858,-37,1.0
161859,-37,1.0
161900,-37,1.0
161901,-37,1.0
161902,-35,1.0
161903,-42,0.971428571429
161904,-33,1.0
161905,-37,1.0
161906,-37,1.0
161907,-34,1.0
161908,-34,1.0
161909,-35,1.0
161910,-34,1.0
161911,-38,1.0
161912,-36,1.0
161913,-37,1.0
161914,-34,1.0
161915,-32,1.0
161916,-34,1.0
161917,-42,0.971428571429
161918,-44,0.942857142857
161919,-43,0.957142857143
161920,-42,0.971428571429
161921,-42,0.971428571429
161922,-40,1.0
161923,-47,0.9
161924,-42,0.971428571429
161925,-42,0.971428571429
161926,-41,0.985714285714
161927,-44,0.942857142857
161928,-43,0.957142857143
161929,-42,0.971428571429
161930,-43,0.957142857143
161931,-42,0.971428571429
161932,-42,0.971428571429
161933,-45,0.928571428571
161934,-46,0.914285714286
161935,-52,0.828571428571
161937,-46,0.914285714286
161938,-46,0.914285714286
161939,-44,0.942857142857
161940,-47,0.9
161941,-48,0.885714285714
161942,-44,0.942857142857
161943,-43,0.957142857143
161944,-46,0.914285714286
161945,-48,0.885714285714
161946,-54,0.8
161947,-53,0.814285714286
161948,-53,0.814285714286
161949,-59,0.728571428571
161950,-51,0.842857142857
161951,-51,0.842857142857
161952,-55,0.785714285714
161953,-52,0.828571428571
161954,-52,0.828571428571
161955,-51,0.842857142857
161956,-52,0.828571428571
161957,-54,0.8
161958,-51,0.842857142857
161959,-52,0.828571428571
162000,-55,0.785714285714
162001,-55,0.785714285714
162002,-51,0.842857142857
162003,-51,0.842857142857
162004,-50,0.857142857143
162005,-49,0.871428571429
162006,-53,0.814285714286
162007,-59,0.728571428571
162008,-55,0.785714285714
162009,-53,0.814285714286
162010,-56,0.771428571429
162011,-51,0.842857142857
162012,-55,0.785714285714
162013,-51,0.842857142857
162014,-57,0.757142857143
162015,-53,0.814285714286
162016,-58,0.742857142857
162017,-60,0.714285714286
162018,-56,0.771428571429
162019,-54,0.8
162020,-55,0.785714285714
162021,-55,0.785714285714
162022,-60,0.714285714286
162023,-57,0.757142857143
162024,-61,0.7
162025,-60,0.714285714286
162026,-66,0.628571428571
162027,-66,0.628571428571
162028,-65,0.642857142857
162029,-71,0.557142857143
162030,-66,0.628571428571
162031,-65,0.642857142857
162032,-66,0.628571428571
162033,-69,0.585714285714
162034,-67,0.614285714286
162035,-66,0.628571428571
162036,-64,0.657142857143
162037,-63,0.671428571429
162039,-63,0.671428571429
162040,-65,0.642857142857
162041,-66,0.628571428571
162042,-64,0.657142857143
162043,-62,0.685714285714
162044,-67,0.614285714286
162045,-63,0.671428571429
162046,-62,0.685714285714
162047,-56,0.771428571429
162048,-58,0.742857142857
162049,-68,0.6
162050,-68,0.6
162051,-62,0.685714285714
162052,-62,0.685714285714
162053,-64,0.657142857143
162054,-59,0.728571428571
162055,-60,0.714285714286
162056,-59,0.728571428571
162057,-57,0.757142857143
162058,-62,0.685714285714
162059,-69,0.585714285714
162100,-59,0.728571428571
162101,-55,0.785714285714
162102,-53,0.814285714286
162103,-67,0.614285714286
162104,-53,0.814285714286
162105,-55,0.785714285714
162106,-59,0.728571428571
162107,-55,0.785714285714
162108,-54,0.8
162109,-53,0.814285714286
162110,-60,0.714285714286
162111,-60,0.714285714286
162112,-55,0.785714285714
162113,-53,0.814285714286
162114,-54,0.8
162115,-54,0.8
162116,-57,0.757142857143
162117,-54,0.8
162118,-63,0.671428571429
162119,-55,0.785714285714
162120,-57,0.757142857143
162121,-62,0.685714285714
162122,-58,0.742857142857
162123,-59,0.728571428571
162124,-52,0.828571428571
162125,-51,0.842857142857
162126,-57,0.757142857143
162127,-56,0.771428571429
162128,-60,0.714285714286
162129,-63,0.671428571429
162130,-61,0.7
162131,-60,0.714285714286
162132,-59,0.728571428571
162133,-61,0.7
162134,-57,0.757142857143
162135,-59,0.728571428571
162136,-55,0.785714285714
162137,-59,0.728571428571
162138,-54,0.8
162139,-53,0.814285714286
162140,-59,0.728571428571
162142,-60,0.714285714286
162143,-60,0.714285714286
162144,-53,0.814285714286
162145,-53,0.814285714286
162146,-55,0.785714285714
162147,-60,0.714285714286
162148,-55,0.785714285714
162149,-60,0.714285714286
162150,-62,0.685714285714
162151,-62,0.685714285714
162152,-67,0.614285714286
162153,-63,0.671428571429
162154,-55,0.785714285714
162155,-58,0.742857142857
162156,-59,0.728571428571
162157,-62,0.685714285714
162158,-62,0.685714285714
162159,-61,0.7
162200,-64,0.657142857143
162201,-62,0.685714285714
162202,-56,0.771428571429
162203,-60,0.714285714286
162204,-61,0.7
162205,-62,0.685714285714
162206,-62,0.685714285714
162207,-63,0.671428571429
162208,-63,0.671428571429
162209,-58,0.742857142857
162210,-57,0.757142857143
162211,-55,0.785714285714
162212,-55,0.785714285714
162213,-55,0.785714285714
162214,-59,0.728571428571
162215,-57,0.757142857143
162216,-59,0.728571428571
162217,-55,0.785714285714
162218,-56,0.771428571429
162219,-63,0.671428571429
162220,-61,0.7
162221,-57,0.757142857143
162222,-60,0.714285714286
162223,-67,0.614285714286
162224,-55,0.785714285714
162225,-54,0.8
162226,-65,0.642857142857
162227,-63,0.671428571429
162228,-60,0.714285714286
162229,-60,0.714285714286
162230,-65,0.642857142857
162231,-66,0.628571428571
162232,-61,0.7
162233,-55,0.785714285714
162234,-55,0.785714285714
162235,-54,0.8
162236,-61,0.7
162237,-59,0.728571428571
162238,-55,0.785714285714
162239,-60,0.714285714286
162240,-56,0.771428571429
162242,-61,0.7
162243,-58,0.742857142857
162244,-55,0.785714285714
162245,-59,0.728571428571
162246,-62,0.685714285714
162247,-67,0.614285714286
162248,-66,0.628571428571
162249,-66,0.628571428571
162250,-68,0.6
162251,-67,0.614285714286
162252,-68,0.6
162253,-57,0.757142857143
162254,-55,0.785714285714
162255,-60,0.714285714286
162256,-59,0.728571428571
162257,-55,0.785714285714
162258,-60,0.714285714286
162259,-58,0.742857142857
162300,-66,0.628571428571
162301,-67,0.614285714286
162302,-69,0.585714285714
162303,-69,0.585714285714
162304,-61,0.7
162305,-65,0.642857142857
162306,-66,0.628571428571
162307,-70,0.571428571429
162308,-68,0.6
162309,-65,0.642857142857
162310,-63,0.671428571429
162311,-61,0.7
162312,-60,0.714285714286
162313,-62,0.685714285714
162314,-58,0.742857142857
162315,-61,0.7
162316,-66,0.628571428571
162317,-69,0.585714285714
162318,-64,0.657142857143
162319,-60,0.714285714286
162320,-64,0.657142857143
162321,-62,0.685714285714
162322,-66,0.628571428571
162323,-69,0.585714285714
162324,-63,0.671428571429
162325,-62,0.685714285714
162326,-61,0.7
162327,-64,0.657142857143
162328,-64,0.657142857143
162329,-64,0.657142857143
162330,-62,0.685714285714
162331,-64,0.657142857143
162332,-67,0.614285714286
162333,-64,0.657142857143
162335,-65,0.642857142857
162336,-59,0.728571428571
162337,-63,0.671428571429
162338,-61,0.7
162339,-59,0.728571428571
162340,-57,0.757142857143
162341,-68,0.6
162342,-64,0.657142857143
162343,-60,0.714285714286
162344,-54,0.8
162345,-61,0.7
162346,-61,0.7
162347,-71,0.557142857143
162348,-71,0.557142857143
162349,-67,0.614285714286
162350,-67,0.614285714286
162351,-62,0.685714285714
162352,-59,0.728571428571
162353,-64,0.657142857143
162354,-62,0.685714285714
162355,-62,0.685714285714
162356,-63,0.671428571429
162357,-66,0.628571428571
162358,-69,0.585714285714
162359,-70,0.571428571429
162400,-64,0.657142857143
162401,-63,0.671428571429
162402,-67,0.614285714286
162403,-69,0.585714285714
162404,-70,0.571428571429
162405,-68,0.6
162406,-68,0.6
162407,-71,0.557142857143
162408,-65,0.642857142857
162409,-72,0.542857142857
162410,-71,0.557142857143
162411,-68,0.6
162412,-72,0.542857142857
162413,-71,0.557142857143
162414,-71,0.557142857143
162415,-70,0.571428571429
162416,-70,0.571428571429
162417,-70,0.571428571429
162418,-67,0.614285714286
162419,-70,0.571428571429
162420,-73,0.528571428571
162421,-71,0.557142857143
162422,-74,0.514285714286
162423,-67,0.614285714286
162424,-66,0.628571428571
162425,-68,0.6
162426,-67,0.614285714286
162427,-71,0.557142857143
162428,-73,0.528571428571
162429,-68,0.6
162430,-68,0.6
162431,-68,0.6
162432,-66,0.628571428571
162433,-70,0.571428571429
162434,-65,0.642857142857
162435,-66,0.628571428571
162437,-66,0.628571428571
162438,-66,0.628571428571
162439,-63,0.671428571429
162440,-66,0.628571428571
162441,-68,0.6
162442,-68,0.6
162443,-68,0.6
162444,-68,0.6
162445,-67,0.614285714286
162446,-68,0.6
162447,-68,0.6
162448,-69,0.585714285714
162449,-66,0.628571428571
162450,-67,0.614285714286
162451,-65,0.642857142857
162452,-70,0.571428571429
162453,-66,0.628571428571
162454,-70,0.571428571429
162455,-67,0.614285714286
162456,-65,0.642857142857
162457,-65,0.642857142857
162458,-67,0.614285714286
162459,-66,0.628571428571
162500,-64,0.657142857143
162501,-74,0.514285714286
162502,-69,0.585714285714
162503,-69,0.585714285714
162504,-71,0.557142857143
162505,-67,0.614285714286
162506,-66,0.628571428571
162507,-67,0.614285714286
162508,-67,0.614285714286
162509,-65,0.642857142857
162510,-67,0.614285714286
162511,-66,0.628571428571
162512,-70,0.571428571429
162513,-74,0.514285714286
162514,-70,0.571428571429
162515,-70,0.571428571429
162516,-70,0.571428571429
162517,-68,0.6
162518,-72,0.542857142857
162519,-73,0.528571428571
162520,-72,0.542857142857
162521,-69,0.585714285714
162522,-67,0.614285714286
162523,-72,0.542857142857
162524,-67,0.614285714286
162525,-71,0.557142857143
162526,-68,0.6
162527,-71,0.557142857143
162528,-67,0.614285714286
162529,-70,0.571428571429
162530,-68,0.6
162531,-68,0.6
162532,-70,0.571428571429
162533,-65,0.642857142857
162534,-75,0.5
162535,-69,0.585714285714
162537,-71,0.557142857143
162538,-74,0.514285714286
162539,-73,0.528571428571
162540,-74,0.514285714286
162541,-69,0.585714285714
162542,-70,0.571428571429
162543,-66,0.628571428571
162544,-64,0.657142857143
162545,-65,0.642857142857
162546,-64,0.657142857143
162547,-64,0.657142857143
162548,-68,0.6
162549,-72,0.542857142857
162550,-68,0.6
162551,-76,0.485714285714
162552,-71,0.557142857143
162553,-65,0.642857142857
162554,-68,0.6
162555,-64,0.657142857143
162556,-63,0.671428571429
162557,-64,0.657142857143
162558,-64,0.657142857143
162559,-64,0.657142857143
162600,-65,0.642857142857
162601,-64,0.657142857143
162602,-65,0.642857142857
162603,-67,0.614285714286
162604,-66,0.628571428571
162605,-65,0.642857142857
162606,-65,0.642857142857
162607,-68,0.6
162608,-73,0.528571428571
162609,-74,0.514285714286
162610,-71,0.557142857143
162611,-69,0.585714285714
162612,-68,0.6
162613,-68,0.6
162614,-66,0.628571428571
162615,-68,0.6
162616,-68,0.6
162617,-66,0.628571428571
162618,-72,0.542857142857
162619,-68,0.6
162620,-70,0.571428571429
162621,-73,0.528571428571
162622,-67,0.614285714286
162623,-65,0.642857142857
162624,-70,0.571428571429
162625,-65,0.642857142857
162626,-68,0.6
162627,-67,0.614285714286
162628,-71,0.557142857143
162629,-67,0.614285714286
162630,-70,0.571428571429
162631,-72,0.542857142857
162632,-71,0.557142857143
162633,-68,0.6
162634,-69,0.585714285714
162636,-73,0.528571428571
162637,-75,0.5
162638,-72,0.542857142857
162639,-70,0.571428571429
162640,-74,0.514285714286
162641,-68,0.6
162642,-68,0.6
162643,-67,0.614285714286
162644,-68,0.6
162645,-66,0.628571428571
162646,-66,0.628571428571
162647,-75,0.5
162648,-68,0.6
162649,-68,0.6
162650,-69,0.585714285714
162651,-71,0.557142857143
162652,-68,0.6
162653,-67,0.614285714286
162654,-68,0.6
162655,-73,0.528571428571
162656,-74,0.514285714286
162657,-72,0.542857142857
162658,-72,0.542857142857
162659,-77,0.471428571429
162700,-69,0.585714285714
162701,-65,0.642857142857
162702,-69,0.585714285714
162703,-69,0.585714285714
162704,-70,0.571428571429
162705,-70,0.571428571429
162706,-70,0.571428571429
162707,-65,0.642857142857
162708,-75,0.5
162709,-72,0.542857142857
162710,-71,0.557142857143
162711,-70,0.571428571429
162712,-68,0.6
162713,-65,0.642857142857
162714,-67,0.614285714286
162715,-67,0.614285714286
162716,-71,0.557142857143
162717,-66,0.628571428571
162718,-68,0.6
162719,-65,0.642857142857
162720,-69,0.585714285714
162721,-65,0.642857142857
162722,-66,0.628571428571
162723,-64,0.657142857143
162724,-63,0.671428571429
162725,-69,0.585714285714
162726,-69,0.585714285714
162727,-73,0.528571428571
162728,-71,0.557142857143
162729,-75,0.5
162730,-68,0.6
162731,-68,0.6
162732,-69,0.585714285714
162734,-67,0.614285714286
162735,-67,0.614285714286
162736,-69,0.585714285714
162737,-69,0.585714285714
162738,-72,0.542857142857
162739,-72,0.542857142857
162740,-68,0.6
162741,-65,0.642857142857
162742,-65,0.642857142857
162743,-66,0.628571428571
162744,-69,0.585714285714
162745,-69,0.585714285714
162746,-68,0.6
162747,-68,0.6
162748,-68,0.6
162749,-70,0.571428571429
162750,-69,0.585714285714
162751,-69,0.585714285714
162752,-67,0.614285714286
162753,-67,0.614285714286
162754,-69,0.585714285714
162755,-69,0.585714285714
162756,-69,0.585714285714
162757,-70,0.571428571429
162758,-72,0.542857142857
162759,-73,0.528571428571
162800,-69,0.585714285714
162801,-69,0.585714285714
162802,-69,0.585714285714
162803,-71,0.557142857143
162804,-69,0.585714285714
162805,-74,0.514285714286
162806,-73,0.528571428571
162807,-77,0.471428571429
162808,-70,0.571428571429
162809,-71,0.557142857143
162810,-71,0.557142857143
162811,-70,0.571428571429
162812,-70,0.571428571429
162813,-72,0.542857142857
162814,-69,0.585714285714
162815,-67,0.614285714286
162816,-71,0.557142857143
162817,-69,0.585714285714
162818,-68,0.6
162819,-67,0.614285714286
162820,-66,0.628571428571
162821,-67,0.614285714286
162822,-69,0.585714285714
162823,-68,0.6
162824,-68,0.6
162825,-70,0.571428571429
162826,-72,0.542857142857
162827,-70,0.571428571429
162828,-72,0.542857142857
162829,-72,0.542857142857
162830,-72,0.542857142857
162831,-73,0.528571428571
162832,-74,0.514285714286
162834,-72,0.542857142857
162835,-74,0.514285714286
162836,-75,0.5
162837,-72,0.542857142857
162838,-73,0.528571428571
162839,-72,0.542857142857
162840,-71,0.557142857143
162841,-70,0.571428571429
162842,-76,0.485714285714
162843,-73,0.528571428571
162844,-78,0.457142857143
162845,-76,0.485714285714
162846,-78,0.457142857143
162847,-72,0.542857142857
162848,-70,0.571428571429
162849,-74,0.514285714286
162850,-74,0.514285714286
162851,-77,0.471428571429
162852,-73,0.528571428571
162853,-73,0.528571428571
162854,-75,0.5
162855,-70,0.571428571429
162856,-74,0.514285714286
162857,-74,0.514285714286
162858,-73,0.528571428571
162859,-73,0.528571428571
162900,-71,0.557142857143
162901,-72,0.542857142857
162902,-72,0.542857142857
162903,-72,0.542857142857
162904,-78,0.457142857143
162905,-77,0.471428571429
162906,-71,0.557142857143
162907,-70,0.571428571429
162908,-73,0.528571428571
162909,-77,0.471428571429
162910,-73,0.528571428571
162911,-73,0.528571428571
162912,-72,0.542857142857
162913,-72,0.542857142857
162914,-71,0.557142857143
162915,-69,0.585714285714
162916,-75,0.5
162917,-72,0.542857142857
162918,-75,0.5
162919,-72,0.542857142857
162920,-72,0.542857142857
162921,-73,0.528571428571
162922,-75,0.5
162923,-71,0.557142857143
162924,-72,0.542857142857
162925,-73,0.528571428571
162926,-73,0.528571428571
162927,-73,0.528571428571
162928,-76,0.485714285714
162929,-73,0.528571428571
162931,-73,0.528571428571
162932,-72,0.542857142857
162933,-71,0.557142857143
162934,-72,0.542857142857
162935,-73,0.528571428571
162936,-78,0.457142857143
162937,-72,0.542857142857
162938,-72,0.542857142857
162939,-71,0.557142857143
162940,-71,0.557142857143
162941,-74,0.514285714286
162942,-75,0.5
162943,-76,0.485714285714
162944,-76,0.485714285714
162945,-74,0.514285714286
162946,-70,0.571428571429
162947,-72,0.542857142857
162948,-72,0.542857142857
162949,-73,0.528571428571
162950,-71,0.557142857143
162951,-75,0.5
162952,-74,0.514285714286
162953,-71,0.557142857143
162954,-70,0.571428571429
162955,-70,0.571428571429
162956,-75,0.5
162957,-75,0.5
162958,-77,0.471428571429
162959,-77,0.471428571429
163000,-71,0.557142857143
163001,-74,0.514285714286
163002,-76,0.485714285714
163003,-85,0.357142857143
163004,-72,0.542857142857
163005,-77,0.471428571429
163006,-77,0.471428571429
163007,-72,0.542857142857
163008,-73,0.528571428571
163009,-71,0.557142857143
163010,-70,0.571428571429
163011,-76,0.485714285714
163012,-76,0.485714285714
163013,-69,0.585714285714
163014,-70,0.571428571429
163015,-72,0.542857142857
163016,-71,0.557142857143
163017,-73,0.528571428571
163018,-73,0.528571428571
163019,-75,0.5
163020,-72,0.542857142857
163021,-73,0.528571428571
163022,-70,0.571428571429
163023,-72,0.542857142857
163024,-73,0.528571428571
163025,-73,0.528571428571
163026,-70,0.571428571429
163027,-71,0.557142857143
163028,-71,0.557142857143
163030,-71,0.557142857143
163031,-72,0.542857142857
163032,-71,0.557142857143
163033,-69,0.585714285714
163034,-74,0.514285714286
163035,-72,0.542857142857
163036,-72,0.542857142857
163037,-71,0.557142857143
163038,-69,0.585714285714
163039,-71,0.557142857143
163040,-71,0.557142857143
163041,-70,0.571428571429
163042,-68,0.6
163043,-71,0.557142857143
163044,-70,0.571428571429
163045,-89,0.3
163046,-71,0.557142857143
163047,-73,0.528571428571
163048,-70,0.571428571429
163049,-73,0.528571428571
163050,-74,0.514285714286
163051,-71,0.557142857143
163052,-69,0.585714285714
163053,-72,0.542857142857
163054,-72,0.542857142857
163055,-69,0.585714285714
163056,-70,0.571428571429
163057,-72,0.542857142857
163058,-74,0.514285714286
163059,-72,0.542857142857
163100,-71,0.557142857143
163101,-71,0.557142857143
163102,-71,0.557142857143
163103,-71,0.557142857143
163104,-72,0.542857142857
163105,-72,0.542857142857
163106,-72,0.542857142857
163107,-69,0.585714285714
163108,-71,0.557142857143
163109,-72,0.542857142857
163110,-68,0.6
163111,-70,0.571428571429
163112,-75,0.5
163113,-70,0.571428571429
163114,-79,0.442857142857
163115,-74,0.514285714286
163116,-74,0.514285714286
163117,-69,0.585714285714
163118,-72,0.542857142857
163119,-72,0.542857142857
163120,-70,0.571428571429
163121,-69,0.585714285714
163122,-70,0.571428571429
163123,-70,0.571428571429
163124,-71,0.557142857143
163125,-77,0.471428571429
163126,-77,0.471428571429
163127,-77,0.471428571429
163129,-70,0.571428571429
163130,-71,0.557142857143
163131,-70,0.571428571429
163132,-68,0.6
163133,-68,0.6
163134,-70,0.571428571429
163135,-70,0.571428571429
163136,-70,0.571428571429
163137,-72,0.542857142857
163138,-74,0.514285714286
163139,-73,0.528571428571
163140,-73,0.528571428571
163141,-72,0.542857142857
163142,-72,0.542857142857
163143,-72,0.542857142857
163144,-70,0.571428571429
163145,-72,0.542857142857
163146,-76,0.485714285714
163147,-71,0.557142857143
163148,-73,0.528571428571
163149,-70,0.571428571429
163150,-71,0.557142857143
163151,-74,0.514285714286
163152,-70,0.571428571429
163153,-71,0.557142857143
163154,-71,0.557142857143
163155,-71,0.557142857143
163156,-75,0.5
163157,-76,0.485714285714
163158,-76,0.485714285714
163159,-74,0.514285714286
163200,-71,0.557142857143
163201,-73,0.528571428571
163202,-70,0.571428571429
163203,-69,0.585714285714
163204,-71,0.557142857143
163205,-71,0.557142857143
163206,-69,0.585714285714
163207,-75,0.5
163208,-71,0.557142857143
163209,-76,0.485714285714
163210,-76,0.485714285714
163211,-75,0.5
163212,-75,0.5
163213,-74,0.514285714286
163214,-71,0.557142857143
163215,-72,0.542857142857
163216,-73,0.528571428571
163217,-72,0.542857142857
163218,-75,0.5
163219,-75,0.5
163220,-72,0.542857142857
163221,-72,0.542857142857
163222,-72,0.542857142857
163223,-78,0.457142857143
163224,-74,0.514285714286
163225,-74,0.514285714286
163226,-74,0.514285714286
163227,-75,0.5
163229,-77,0.471428571429
163230,-75,0.5
163231,-75,0.5
163232,-70,0.571428571429
163233,-70,0.571428571429
163234,-72,0.542857142857
163235,-75,0.5
163236,-77,0.471428571429
163237,-74,0.514285714286
163238,-72,0.542857142857
163239,-73,0.528571428571
163240,-76,0.485714285714
163241,-78,0.457142857143
163242,-79,0.442857142857
163243,-79,0.442857142857
163244,-72,0.542857142857
163245,-73,0.528571428571
163246,-74,0.514285714286
163247,-72,0.542857142857
163248,-91,0.271428571429
163249,-73,0.528571428571
163250,-71,0.557142857143
163251,-71,0.557142857143
163252,-74,0.514285714286
163253,-73,0.528571428571
163254,-76,0.485714285714
163255,-78,0.457142857143
163256,-80,0.428571428571
163257,-76,0.485714285714
163258,-76,0.485714285714
163259,-74,0.514285714286
163300,-73,0.528571428571
163301,-73,0.528571428571
163302,-73,0.528571428571
163303,-77,0.471428571429
163304,-77,0.471428571429
163305,-77,0.471428571429
163306,-78,0.457142857143
163307,-79,0.442857142857
163308,-76,0.485714285714
163309,-80,0.428571428571
163310,-80,0.428571428571
163311,-77,0.471428571429
163312,-75,0.5
163313,-77,0.471428571429
163314,-76,0.485714285714
163315,-75,0.5
163316,-72,0.542857142857
163317,-72,0.542857142857
163318,-75,0.5
163319,-76,0.485714285714
163320,-76,0.485714285714
163321,-76,0.485714285714
163322,-77,0.471428571429
163323,-76,0.485714285714
163324,-76,0.485714285714
163325,-80,0.428571428571
163326,-80,0.428571428571
163327,-80,0.428571428571
163328,-76,0.485714285714
163330,-80,0.428571428571
163331,-81,0.414285714286
163332,-81,0.414285714286
163333,-76,0.485714285714
163334,-82,0.4
163335,-76,0.485714285714
163336,-77,0.471428571429
163337,-73,0.528571428571
163338,-79,0.442857142857
163339,-80,0.428571428571
163340,-81,0.414285714286
163341,-80,0.428571428571
163342,-77,0.471428571429
163343,-77,0.471428571429
163344,-78,0.457142857143
163345,-75,0.5
163346,-75,0.5
163347,-79,0.442857142857
163348,-76,0.485714285714
163349,-77,0.471428571429
163350,-74,0.514285714286
163351,-78,0.457142857143
163352,-78,0.457142857143
163353,-81,0.414285714286
163354,-79,0.442857142857
163355,-79,0.442857142857
163356,-75,0.5
163357,-75,0.5
163358,-77,0.471428571429
163359,-75,0.5
163400,-78,0.457142857143
163401,-81,0.414285714286
163402,-80,0.428571428571
163403,-75,0.5
163404,-76,0.485714285714
163405,-77,0.471428571429
163406,-75,0.5
163407,-80,0.428571428571
163408,-80,0.428571428571
163409,-79,0.442857142857
163410,-79,0.442857142857
163411,-80,0.428571428571
163412,-76,0.485714285714
163413,-76,0.485714285714
163414,-78,0.457142857143
163415,-76,0.485714285714
163416,-76,0.485714285714
163417,-76,0.485714285714
163418,-74,0.514285714286
163419,-76,0.485714285714
163420,-78,0.457142857143
163421,-86,0.342857142857
163422,-81,0.414285714286
163423,-81,0.414285714286
163424,-80,0.428571428571
163425,-75,0.5
163426,-74,0.514285714286
163427,-76,0.485714285714
163428,-82,0.4
163429,-87,0.328571428571
163431,-79,0.442857142857
163432,-81,0.414285714286
163433,-77,0.471428571429
163434,-83,0.385714285714
163435,-83,0.385714285714
163436,-78,0.457142857143
163437,-82,0.4
163438,-82,0.4
163439,-79,0.442857142857
163440,-78,0.457142857143
163441,-82,0.4
163442,-77,0.471428571429
163443,-77,0.471428571429
163444,-75,0.5
163445,-75,0.5
163446,-74,0.514285714286
163447,-77,0.471428571429
163448,-76,0.485714285714
163449,-75,0.5
163450,-81,0.414285714286
163451,-80,0.428571428571
163452,-80,0.428571428571
163453,,
163454,,
163455,,
163456,,
163457,,
163458,,
163459,,
163500,,
163501,,
163502,,
163503,,
163504,,
163505,,
163506,,
163507,,
163508,,
163509,,
163510,,
163511,-4 ,1.0
163512,-2 ,1.0
163513,-2 ,1.0
163514,-7 ,1.0
163515,-2 ,1.0
163516,-4 ,1.0
163517,-4 ,1.0
163518,-4 ,1.0
163519,-6 ,1.0
163520,-6 ,1.0
163521,-6 ,1.0
163522,-6 ,1.0
163523,-6 ,1.0
163524,-3 ,1.0
163525,-5 ,1.0
163526,-5 ,1.0
163527,-3 ,1.0
163528,-5 ,1.0
163529,-4 ,1.0
163530,-5 ,1.0
163531,-3 ,1.0
163532,-2 ,1.0
163533,-2 ,1.0
163534,-6 ,1.0
163536,-4 ,1.0
163537,-4 ,1.0
163538,-9 ,1.0
163539,-8 ,1.0
163540,-13,1.0
163541,-15,1.0
163542,-7 ,1.0
163543,-8 ,1.0
163544,-25,1.0
163545,-16,1.0
163546,-9 ,1.0
163547,-8 ,1.0
163548,-15,1.0
163549,-13,1.0
163550,-8 ,1.0
163551,-8 ,1.0
163552,-8 ,1.0
163553,-13,1.0
163554,-13,1.0
163555,-8 ,1.0
163556,-8 ,1.0
163557,-15,1.0
163558,-13,1.0
163559,-19,1.0
163600,-9 ,1.0
163601,-8 ,1.0
163602,-12,1.0
163603,-7 ,1.0
163604,-15,1.0
163605,-7 ,1.0
163606,-7 ,1.0
163607,-8 ,1.0
163608,-9 ,1.0
163609,-7 ,1.0
163610,-8 ,1.0
163611,-8 ,1.0
163612,-14,1.0
163613,-8 ,1.0
163614,-7 ,1.0
163615,-9 ,1.0
163616,-9 ,1.0
163617,-10,1.0
163618,-10,1.0
163619,-7 ,1.0
163620,-8 ,1.0
163621,-7 ,1.0
163622,-13,1.0
163623,-8 ,1.0
163624,-9 ,1.0
163625,-9 ,1.0
163626,-12,1.0
163627,-10,1.0
163628,-14,1.0
163629,-9 ,1.0
163630,-11,1.0
163631,-10,1.0
163632,-16,1.0
163633,-9 ,1.0
163634,-9 ,1.0
163635,-9 ,1.0
163636,-10,1.0
163638,-8 ,1.0
163639,-11,1.0
163640,-8 ,1.0
163641,-8 ,1.0
163642,-8 ,1.0
163643,-8 ,1.0
163644,-7 ,1.0
163645,-12,1.0
163646,-9 ,1.0
163647,-9 ,1.0
163648,-7 ,1.0
163649,-7 ,1.0
163650,-9 ,1.0
163651,-8 ,1.0
163652,-8 ,1.0
163653,-9 ,1.0
163654,-9 ,1.0
163655,-10,1.0
163656,-7 ,1.0
163657,-8 ,1.0
163658,-8 ,1.0
163659,-8 ,1.0
163700,-8 ,1.0
163701,-8 ,1.0
163702,-17,1.0
163703,-11,1.0
163704,-10,1.0
163705,-8 ,1.0
163706,-16,1.0
163707,-10,1.0
163708,-11,1.0
163709,-11,1.0
163710,-10,1.0
163711,-12,1.0
163712,-11,1.0
163713,-12,1.0
163714,-10,1.0
163715,-11,1.0
163716,-11,1.0
163717,-10,1.0
163718,-9 ,1.0
163719,-10,1.0
163720,-10,1.0
163721,-17,1.0
163722,-17,1.0
163723,-10,1.0
163724,-12,1.0
163725,-10,1.0
163726,-11,1.0
163727,-12,1.0
163728,-12,1.0
163729,-10,1.0
163730,-10,1.0
163731,-9 ,1.0
163732,-8 ,1.0
163733,-23,1.0
163734,-11,1.0
163735,-15,1.0
163736,-11,1.0
163737,-10,1.0
163739,-10,1.0
163740,-10,1.0
163741,-17,1.0
163742,-9 ,1.0
163743,-8 ,1.0
163744,-14,1.0
163745,-16,1.0
163746,-17,1.0
163747,-9 ,1.0
163748,-8 ,1.0
163749,-16,1.0
163750,-16,1.0
163751,-9 ,1.0
163752,-9 ,1.0
163753,-9 ,1.0
163754,-11,1.0
163755,-13,1.0
163756,-10,1.0
163757,-9 ,1.0
163758,-17,1.0
163759,-9 ,1.0
163800,-9 ,1.0
163801,-12,1.0
163802,-10,1.0
163803,-10,1.0
163804,-8 ,1.0
163805,-15,1.0
163806,-10,1.0
163807,-11,1.0
163808,-9 ,1.0
163809,-9 ,1.0
163810,-9 ,1.0
163811,-14,1.0
163812,-9 ,1.0
163813,-8 ,1.0
163814,-9 ,1.0
163815,-11,1.0
163816,-10,1.0
163817,-10,1.0
163818,-8 ,1.0
163819,-11,1.0
163820,-18,1.0
163821,-9 ,1.0
163822,-15,1.0
163823,-9 ,1.0
163824,-18,1.0
163825,-8 ,1.0
163826,-13,1.0
163827,-11,1.0
163828,-8 ,1.0
163829,-14,1.0
163830,-16,1.0
163831,-10,1.0
163832,-18,1.0
163833,-11,1.0
163834,-11,1.0
163835,-12,1.0
163836,-12,1.0
163837,-9 ,1.0
163838,-9 ,1.0
163840,-9 ,1.0
163841,-16,1.0
163842,-11,1.0
163843,-9 ,1.0
163844,-23,1.0
163845,-11,1.0
163846,-17,1.0
163847,-10,1.0
163848,-9 ,1.0
163849,-14,1.0
163850,-8 ,1.0
163851,-10,1.0
163852,-9 ,1.0
163853,-10,1.0
163854,-10,1.0
163855,-9 ,1.0
163856,-9 ,1.0
163857,-10,1.0
163858,-8 ,1.0
163859,-11,1.0
163900,-10,1.0
163901,-15,1.0
163902,-11,1.0
163903,-9 ,1.0
163904,-9 ,1.0
163905,-12,1.0
163906,-8 ,1.0
163907,-8 ,1.0
163908,-8 ,1.0
163909,-9 ,1.0
163910,-9 ,1.0
163911,-15,1.0
163912,-9 ,1.0
163913,-19,1.0
163914,-10,1.0
163915,-8 ,1.0
163916,-8 ,1.0
163917,-10,1.0
163918,-10,1.0
163919,-9 ,1.0
163920,-9 ,1.0
163921,-9 ,1.0
163922,-9 ,1.0
163923,-9 ,1.0
163924,-11,1.0
163925,-10,1.0
163926,-10,1.0
163927,-8 ,1.0
163928,-8 ,1.0
163929,-15,1.0
163930,-8 ,1.0
163931,-11,1.0
163932,-9 ,1.0
163934,-9 ,1.0
163935,-9 ,1.0
163936,-7 ,1.0
163937,-10,1.0
163938,-23,1.0
163939,-8 ,1.0
163940,-7 ,1.0
163941,-9 ,1.0
163942,-16,1.0
163943,-9 ,1.0
163944,-11,1.0
163945,-9 ,1.0
163946,-10,1.0
163947,-15,1.0
163948,-18,1.0
163949,-12,1.0
163950,-16,1.0
163951,-9 ,1.0
163952,-10,1.0
163953,-11,1.0
163954,-9 ,1.0
163955,-17,1.0
163956,-9 ,1.0
163957,-12,1.0
163958,-12,1.0
163959,-16,1.0
164000,-18,1.0
164001,-12,1.0
164002,-10,1.0
164003,-13,1.0
164004,-7 ,1.0
164005,-11,1.0
164006,-17,1.0
164007,-11,1.0
164008,-11,1.0
164009,-12,1.0
164010,-16,1.0
164011,-8 ,1.0
164012,-10,1.0
164013,-8 ,1.0
164014,-8 ,1.0
164015,-12,1.0
164016,-9 ,1.0
164017,-8 ,1.0
164018,-11,1.0
164019,-9 ,1.0
164020,-17,1.0
164021,-10,1.0
164022,-11,1.0
164023,-10,1.0
164024,-16,1.0
164025,-9 ,1.0
164026,-12,1.0
164027,-17,1.0
164028,-11,1.0
164030,-17,1.0
164031,-13,1.0
164032,-8 ,1.0
164033,-9 ,1.0
164034,-15,1.0
164035,-17,1.0
164036,-11,1.0
164037,-10,1.0
164038,-9 ,1.0
164039,-10,1.0
164040,-11,1.0
164041,-17,1.0
164042,-10,1.0
164043,-9 ,1.0
164044,-11,1.0
164045,-18,1.0
164046,-10,1.0
164047,-16,1.0
164048,-10,1.0
164049,-10,1.0
164050,-10,1.0
164051,-8 ,1.0
164052,-10,1.0
164053,-14,1.0
164054,-16,1.0
164055,-9 ,1.0
164056,-10,1.0
164057,-8 ,1.0
164058,-16,1.0
164059,-22,1.0
164100,-8 ,1.0
164101,-8 ,1.0
164102,-11,1.0
164103,-9 ,1.0
164104,-14,1.0
164105,-9 ,1.0
164106,-8 ,1.0
164107,-10,1.0
164108,-8 ,1.0
164109,-10,1.0
164110,-7 ,1.0
164111,-9 ,1.0
164112,-8 ,1.0
164113,-8 ,1.0
164114,-9 ,1.0
164115,-8 ,1.0
164116,-8 ,1.0
164117,-10,1.0
164118,-11,1.0
164119,-12,1.0
164120,-9 ,1.0
164121,-7 ,1.0
164122,-10,1.0
164123,-12,1.0
164124,-15,1.0
164125,-15,1.0
164126,-8 ,1.0
164127,-9 ,1.0
164128,-9 ,1.0
164129,-8 ,1.0
164130,-9 ,1.0
164131,-9 ,1.0
164133,-9 ,1.0
164134,-9 ,1.0
164135,-8 ,1.0
164136,-8 ,1.0
164137,-15,1.0
164138,-14,1.0
164139,-14,1.0
164140,-7 ,1.0
164141,-8 ,1.0
164142,-17,1.0
164143,-9 ,1.0
164144,-8 ,1.0
164145,-8 ,1.0
164146,-10,1.0
164147,-14,1.0
164148,-8 ,1.0
164149,-15,1.0
164150,-9 ,1.0
164151,-9 ,1.0
164152,-10,1.0
164153,-11,1.0
164154,-10,1.0
164155,-10,1.0
164156,-9 ,1.0
164157,-9 ,1.0
164158,-10,1.0
164159,-10,1.0
164200,-8 ,1.0
164201,-11,1.0
164202,-15,1.0
164203,-8 ,1.0
164204,-8 ,1.0
164205,-8 ,1.0
164206,-15,1.0
164207,-11,1.0
164208,-15,1.0
164209,-9 ,1.0
164210,-8 ,1.0
164211,-9 ,1.0
164212,-15,1.0
164213,-13,1.0
164214,-9 ,1.0
164215,-10,1.0
164216,-16,1.0
164217,-9 ,1.0
164218,-15,1.0
164219,-10,1.0
164220,-11,1.0
164221,-11,1.0
