165723,-11,1.0
165724,-10,1.0
165725,-10,1.0
165726,-11,1.0
165727,-12,1.0
165728,-12,1.0
165729,-12,1.0
165730,-12,1.0
165731,-11,1.0
165732,-12,1.0
165733,-11,1.0
165734,-10,1.0
165735,-10,1.0
165736,-10,1.0
165737,-10,1.0
165738,-11,1.0
165739,-11,1.0
165740,-10,1.0
165741,-11,1.0
165742,-12,1.0
165743,-11,1.0
165744,-11,1.0
165745,-12,1.0
165746,-11,1.0
165747,-12,1.0
165748,-11,1.0
165749,-12,1.0
165750,-11,1.0
165751,-11,1.0
165752,-11,1.0
165753,-12,1.0
165754,-11,1.0
165755,-11,1.0
165756,-10,1.0
165757,-11,1.0
165758,-11,1.0
165759,-17,1.0
165800,-13,1.0
165801,-10,1.0
165802,-20,1.0
165803,-18,1.0
165804,-19,1.0
165805,-17,1.0
165806,-18,1.0
165807,-19,1.0
165809,-20,1.0
165810,-20,1.0
165811,-32,1.0
165812,-26,1.0
165813,-23,1.0
165814,-22,1.0
165815,-20,1.0
165816,-21,1.0
165817,-23,1.0
165818,-23,1.0
165819,-30,1.0
165820,-31,1.0
165821,-29,1.0
165822,-32,1.0
165823,-42,0.971428571429
165824,-42,0.971428571429
165825,-52,0.828571428571
165826,-45,0.928571428571
165827,-49,0.871428571429
165828,-50,0.857142857143
165829,-49,0.871428571429
165830,-48,0.885714285714
165831,-55,0.785714285714
165832,-50,0.857142857143
165833,-46,0.914285714286
165834,-51,0.842857142857
165835,-58,0.742857142857
165836,-67,0.614285714286
165837,-63,0.671428571429
165838,-61,0.7
165839,-54,0.8
165840,-54,0.8
165841,-53,0.814285714286
165842,-49,0.871428571429
165843,-46,0.914285714286
165844,-54,0.8
165845,-53,0.814285714286
165846,-55,0.785714285714
165847,-49,0.871428571429
165848,-44,0.942857142857
165849,-43,0.957142857143
165850,-52,0.828571428571
165851,-40,1.0
165852,-41,0.985714285714
165853,-41,0.985714285714
165854,-40,1.0
165855,-42,0.971428571429
165856,-42,0.971428571429
165857,-43,0.957142857143
165858,-43,0.957142857143
165859,-41,0.985714285714
165900,-42,0.971428571429
165901,-41,0.985714285714
165902,-41,0.985714285714
165903,-40,1.0
165904,-47,0.9
165906,-41,0.985714285714
165907,-46,0.914285714286
165908,-43,0.957142857143
165909,-40,1.0
165910,-39,1.0
165911,-40,1.0
165912,-43,0.957142857143
165913,-42,0.971428571429
165914,-42,0.971428571429
165915,-39,1.0
165916,-46,0.914285714286
165917,-45,0.928571428571
165918,-47,0.9
165919,-43,0.957142857143
165920,-44,0.942857142857
165921,-45,0.928571428571
165922,-43,0.957142857143
165923,-45,0.928571428571
165924,-47,0.9
165925,-47,0.9
165926,-48,0.885714285714
165927,-48,0.885714285714
165928,-48,0.885714285714
165929,-53,0.814285714286
165930,-57,0.757142857143
165931,-53,0.814285714286
165932,-53,0.814285714286
165933,-56,0.771428571429
165934,-54,0.8
165935,-54,0.8
165936,-53,0.814285714286
165937,-61,0.7
165938,-59,0.728571428571
165939,-52,0.828571428571
165940,-53,0.814285714286
165941,-53,0.814285714286
165942,-54,0.8
165943,-53,0.814285714286
165944,-52,0.828571428571
165945,-51,0.842857142857
165946,-52,0.828571428571
165947,-57,0.757142857143
165948,-59,0.728571428571
165949,-52,0.828571428571
165950,-55,0.785714285714
165951,-56,0.771428571429
165952,-59,0.728571428571
165953,-53,0.814285714286
165954,-55,0.785714285714
165955,-57,0.757142857143
165956,-54,0.8
165957,-55,0.785714285714
165958,-55,0.785714285714
165959,-55,0.785714285714
170000,-54,0.8
170001,-55,0.785714285714
170002,-59,0.728571428571
170003,-57,0.757142857143
170005,-55,0.785714285714
170006,-59,0.728571428571
170007,-61,0.7
170008,-61,0.7
170009,-61,0.7
170010,-64,0.657142857143
170011,-62,0.685714285714
170012,-64,0.657142857143
170013,-63,0.671428571429
170014,-63,0.671428571429
170015,-64,0.657142857143
170016,-61,0.7
170017,-64,0.657142857143
170018,-62,0.685714285714
170019,-68,0.6
170020,-61,0.7
170021,-69,0.585714285714
170022,-62,0.685714285714
170023,-62,0.685714285714
170024,-64,0.657142857143
170025,-65,0.642857142857
170026,-66,0.628571428571
170027,-69,0.585714285714
170028,-70,0.571428571429
170029,-68,0.6
170030,-66,0.628571428571
170031,-66,0.628571428571
170032,-73,0.528571428571
170033,-73,0.528571428571
170034,-72,0.542857142857
170035,-70,0.571428571429
170036,-71,0.557142857143
170037,-73,0.528571428571
170038,-76,0.485714285714
170039,-57,0.757142857143
170040,-57,0.757142857143
170041,-73,0.528571428571
170042,-67,0.614285714286
170043,-67,0.614285714286
170044,-70,0.571428571429
170045,-70,0.571428571429
170046,-72,0.542857142857
170047,-73,0.528571428571
170048,-73,0.528571428571
170049,-66,0.628571428571
170050,-68,0.6
170051,-68,0.6
170052,-67,0.614285714286
170053,-68,0.6
170054,-67,0.614285714286
170055,-67,0.614285714286
170056,-68,0.6
170058,-67,0.614285714286
170059,-69,0.585714285714
170100,-69,0.585714285714
170101,-69,0.585714285714
170102,-72,0.542857142857
170103,-69,0.585714285714
170104,-69,0.585714285714
170105,-69,0.585714285714
170106,-70,0.571428571429
170107,-70,0.571428571429
170108,-69,0.585714285714
170109,-70,0.571428571429
170110,-71,0.557142857143
170111,-67,0.614285714286
170112,-67,0.614285714286
170113,-68,0.6
170114,-68,0.6
170115,-68,0.6
170116,-68,0.6
170117,-70,0.571428571429
170118,-71,0.557142857143
170119,-74,0.514285714286
170120,-70,0.571428571429
170121,-74,0.514285714286
170122,-74,0.514285714286
170123,-74,0.514285714286
170124,-74,0.514285714286
170125,,
170126,,
170127,,
170128,,
170129,,
170130,,
170131,,
170132,,
170133,,
170134,,
170135,,
170136,,
170137,,
170138,,
170139,,
170140,,
170141,,
170142,,
170143,-7 ,1.0
170144,-7 ,1.0
170145,-12,1.0
170146,-11,1.0
170147,-9 ,1.0
170148,-9 ,1.0
170149,-9 ,1.0
170150,-15,1.0
170151,-13,1.0
170152,-9 ,1.0
170154,-9 ,1.0
170155,-13,1.0
170156,-7 ,1.0
170157,-6 ,1.0
170158,-8 ,1.0
170159,-8 ,1.0
170200,-9 ,1.0
170201,-8 ,1.0
170202,-8 ,1.0
170203,-6 ,1.0
170204,-13,1.0
170205,-11,1.0
170206,-6 ,1.0
170207,-2 ,1.0
170208,-8 ,1.0
170209,-16,1.0
170210,-9 ,1.0
170211,-8 ,1.0
170212,-8 ,1.0
170213,-8 ,1.0
170214,-10,1.0
170215,-6 ,1.0
170216,-6 ,1.0
170217,-5 ,1.0
170218,-8 ,1.0
170219,-6 ,1.0
170220,-15,1.0
170221,-10,1.0
170222,-15,1.0
170223,-13,1.0
170224,-14,1.0
170225,-11,1.0
170226,-7 ,1.0
170227,-12,1.0
170228,-8 ,1.0
170229,-9 ,1.0
170230,-9 ,1.0
170231,-14,1.0
170232,-8 ,1.0
170233,-6 ,1.0
170234,-14,1.0
170235,-6 ,1.0
170236,-7 ,1.0
170237,-13,1.0
170238,-10,1.0
170239,-6 ,1.0
170240,-7 ,1.0
170241,-7 ,1.0
170242,-10,1.0
170243,-8 ,1.0
170244,-9 ,1.0
170245,-14,1.0
170246,-10,1.0
170247,-15,1.0
170248,-9 ,1.0
170249,-8 ,1.0
170250,-15,1.0
170252,-14,1.0
170253,-8 ,1.0
170254,-8 ,1.0
170255,-5 ,1.0
170256,-7 ,1.0
170257,-11,1.0
170258,-8 ,1.0
170259,-12,1.0
170300,-9 ,1.0
170301,-10,1.0
170302,-10,1.0
170303,-13,1.0
170304,-11,1.0
170305,-9 ,1.0
170306,-7 ,1.0
170307,-10,1.0
170308,-10,1.0
170309,-9 ,1.0
170310,-14,1.0
170311,-14,1.0
170312,-8 ,1.0
170313,-8 ,1.0
170314,-8 ,1.0
170315,-8 ,1.0
170316,-9 ,1.0
170317,-12,1.0
170318,-13,1.0
170319,-13,1.0
170320,-7 ,1.0
170321,-13,1.0
170322,-9 ,1.0
170323,-8 ,1.0
170324,-13,1.0
170325,-10,1.0
170326,-9 ,1.0
170327,-9 ,1.0
170328,-14,1.0
170329,-8 ,1.0
170330,-9 ,1.0
170331,-8 ,1.0
170332,-6 ,1.0
170333,-7 ,1.0
170334,-13,1.0
170335,-15,1.0
170336,-8 ,1.0
170337,-14,1.0
170338,-8 ,1.0
170339,-8 ,1.0
170340,-9 ,1.0
170341,-15,1.0
170342,-13,1.0
170343,-14,1.0
170344,-9 ,1.0
170345,-8 ,1.0
170346,-9 ,1.0
170348,-14,1.0
170349,-9 ,1.0
170350,-13,1.0
170351,-7 ,1.0
170352,-6 ,1.0
170353,-8 ,1.0
170354,-11,1.0
170355,-14,1.0
170356,-13,1.0
170357,-8 ,1.0
170358,-14,1.0
170359,-8 ,1.0
170400,-9 ,1.0
170401,-8 ,1.0
170402,-9 ,1.0
170403,-12,1.0
170404,-9 ,1.0
170405,-8 ,1.0
170406,-8 ,1.0
170407,-8 ,1.0
170408,-13,1.0
170409,-7 ,1.0
170410,-7 ,1.0
170411,-9 ,1.0
170412,-13,1.0
170413,-14,1.0
170414,-7 ,1.0
170415,-8 ,1.0
170416,-8 ,1.0
170417,-8 ,1.0
170418,-6 ,1.0
170419,-9 ,1.0
170420,-6 ,1.0
170421,-11,1.0
170422,-4 ,1.0
170423,-12,1.0
170424,-8 ,1.0
170425,-13,1.0
170426,-14,1.0
170427,-6 ,1.0
170428,-8 ,1.0
170429,-6 ,1.0
170430,-8 ,1.0
170431,-6 ,1.0
170432,-8 ,1.0
170433,-12,1.0
170434,-12,1.0
170435,-6 ,1.0
170436,-13,1.0
170437,-12,1.0
170438,-10,1.0
170439,-8 ,1.0
170440,-8 ,1.0
170441,-13,1.0
170442,-9 ,1.0
170443,-13,1.0
170444,-8 ,1.0
170446,-8 ,1.0
170447,-6 ,1.0
170448,-7 ,1.0
170449,-12,1.0
170450,-6 ,1.0
170451,-6 ,1.0
170452,-15,1.0
170453,-15,1.0
170454,-9 ,1.0
170455,-10,1.0
170456,-7 ,1.0
170457,-6 ,1.0
170458,-14,1.0
170459,-7 ,1.0
170500,-8 ,1.0
170501,-15,1.0
170502,-9 ,1.0
170503,-7 ,1.0
170504,-7 ,1.0
170505,-7 ,1.0
170506,-7 ,1.0
170507,-7 ,1.0
170508,-9 ,1.0
170509,-8 ,1.0
170510,-7 ,1.0
170511,-7 ,1.0
170512,-8 ,1.0
170513,-8 ,1.0
170514,-15,1.0
170515,-8 ,1.0
170516,-3 ,1.0
170517,-7 ,1.0
170518,-14,1.0
170519,-6 ,1.0
170520,-7 ,1.0
170521,-6 ,1.0
170522,-13,1.0
170523,-8 ,1.0
170524,-10,1.0
170525,-6 ,1.0
170526,-8 ,1.0
170527,-8 ,1.0
170528,-7 ,1.0
170529,-14,1.0
170530,-14,1.0
170531,-8 ,1.0
170532,-8 ,1.0
170533,-8 ,1.0
170534,-14,1.0
170535,-7 ,1.0
170536,-6 ,1.0
170537,-8 ,1.0
170538,-8 ,1.0
170539,-6 ,1.0
170540,-9 ,1.0
170541,-8 ,1.0
170542,-9 ,1.0
170544,-6 ,1.0
170545,-8 ,1.0
170546,-6 ,1.0
170547,-12,1.0
170548,-12,1.0
170549,-11,1.0
170550,-7 ,1.0
170551,-7 ,1.0
170552,-7 ,1.0
170553,-8 ,1.0
170554,-13,1.0
170555,-7 ,1.0
170556,-6 ,1.0
170557,-7 ,1.0
170558,-6 ,1.0
170559,-6 ,1.0
170600,-10,1.0
170601,-8 ,1.0
170602,-7 ,1.0
170603,-6 ,1.0
170604,-7 ,1.0
170605,-7 ,1.0
170606,-7 ,1.0
170607,-14,1.0
170608,-7 ,1.0
170609,-7 ,1.0
170610,-8 ,1.0
170611,-8 ,1.0
170612,-12,1.0
170613,-17,1.0
170614,-6 ,1.0
170615,-13,1.0
170616,-6 ,1.0
170617,-6 ,1.0
170618,-14,1.0
170619,-8 ,1.0
170620,-8 ,1.0
170621,-8 ,1.0
170622,-10,1.0
170623,-9 ,1.0
170624,-7 ,1.0
170625,-8 ,1.0
170626,-13,1.0
170627,-9 ,1.0
170628,-6 ,1.0
170629,-8 ,1.0
170630,-8 ,1.0
170631,-8 ,1.0
170632,-7 ,1.0
170633,-8 ,1.0
170634,-7 ,1.0
170635,-7 ,1.0
170636,-13,1.0
170637,-9 ,1.0
170638,-6 ,1.0
170639,-12,1.0
170640,-6 ,1.0
170642,-7 ,1.0
170643,-7 ,1.0
170644,-6 ,1.0
170645,-6 ,1.0
170646,-11,1.0
170647,-6 ,1.0
170648,-6 ,1.0
170649,-6 ,1.0
170650,-6 ,1.0
170651,-6 ,1.0
170652,-6 ,1.0
170653,-6 ,1.0
170654,-6 ,1.0
170655,-8 ,1.0
170656,-7 ,1.0
170657,-8 ,1.0
170658,-7 ,1.0
170659,-6 ,1.0
170700,-8 ,1.0
170701,-9 ,1.0
170702,-8 ,1.0
170703,-17,1.0
170704,-9 ,1.0
170705,-7 ,1.0
170706,-10,1.0
170707,-7 ,1.0
170708,-8 ,1.0
170709,-8 ,1.0
170710,-7 ,1.0
170711,-14,1.0
170712,-8 ,1.0
170713,-13,1.0
170714,-9 ,1.0
170715,-8 ,1.0
170716,-12,1.0
170717,-9 ,1.0
170718,-9 ,1.0
170719,-6 ,1.0
170720,-12,1.0
170721,-8 ,1.0
170722,-15,1.0
170723,-7 ,1.0
170724,-8 ,1.0
170725,-8 ,1.0
170726,-9 ,1.0
170727,-7 ,1.0
170728,-6 ,1.0
170729,-7 ,1.0
170730,-15,1.0
170732,-7 ,1.0
170733,-7 ,1.0
170734,-12,1.0
170735,-6 ,1.0
170736,-6 ,1.0
170737,-6 ,1.0
170738,-13,1.0
170739,-8 ,1.0
170740,-15,1.0
170741,-15,1.0
170742,-8 ,1.0
170743,-8 ,1.0
170744,-7 ,1.0
170745,-13,1.0
170746,-6 ,1.0
170747,-8 ,1.0
170748,-8 ,1.0
170749,-10,1.0
170750,-7 ,1.0
170751,-7 ,1.0
170752,-7 ,1.0
170753,-6 ,1.0
170754,-7 ,1.0
170755,-8 ,1.0
170756,-10,1.0
170757,-7 ,1.0
170758,-8 ,1.0
170759,-7 ,1.0
170800,-12,1.0
170801,-7 ,1.0
170802,-7 ,1.0
170803,-7 ,1.0
170804,-6 ,1.0
170805,-7 ,1.0
170806,-6 ,1.0
170807,-7 ,1.0
170808,-6 ,1.0
170809,-8 ,1.0
170810,-7 ,1.0
170811,-11,1.0
170812,-6 ,1.0
170813,-7 ,1.0
170814,-8 ,1.0
170815,-8 ,1.0
170816,-10,1.0
170817,-7 ,1.0
170818,-6 ,1.0
170819,-10,1.0
170820,-8 ,1.0
170821,-13,1.0
170822,-9 ,1.0
170823,-14,1.0
170824,-14,1.0
170825,-8 ,1.0
170826,-8 ,1.0
170827,-7 ,1.0
170828,-7 ,1.0
170829,-13,1.0
170831,-7 ,1.0
170832,-9 ,1.0
170833,-13,1.0
170834,-6 ,1.0
170835,-6 ,1.0
170836,-7 ,1.0
170837,-7 ,1.0
170838,-6 ,1.0
170839,-6 ,1.0
170840,-8 ,1.0
170841,-8 ,1.0
170842,-7 ,1.0
170843,-7 ,1.0
170844,-8 ,1.0
170845,-12,1.0
170846,-8 ,1.0
170847,-7 ,1.0
170848,-8 ,1.0
170849,-10,1.0
170850,-7 ,1.0
170851,-12,1.0
170852,-7 ,1.0
170853,-7 ,1.0
170854,-6 ,1.0
170855,-7 ,1.0
170856,-7 ,1.0
170857,-7 ,1.0
170858,-7 ,1.0
170859,-8 ,1.0
170900,-8 ,1.0
170901,-7 ,1.0
170902,-8 ,1.0
170903,-7 ,1.0
170904,-9 ,1.0
170905,-9 ,1.0
170906,-7 ,1.0
170907,-7 ,1.0
170908,-5 ,1.0
170909,-11,1.0
170910,-6 ,1.0
170911,-7 ,1.0
170912,-7 ,1.0
170913,-11,1.0
170914,-5 ,1.0
170915,-7 ,1.0
170916,-4 ,1.0
170917,-15,1.0
170918,-13,1.0
170919,-13,1.0
170920,-7 ,1.0
170921,-12,1.0
170922,-10,1.0
170923,-14,1.0
170924,-8 ,1.0
170925,-9 ,1.0
170926,-8 ,1.0
170928,-7 ,1.0
170929,-9 ,1.0
170930,-8 ,1.0
170931,-7 ,1.0
170932,-7 ,1.0
170933,-10,1.0
170934,-7 ,1.0
170935,-9 ,1.0
170936,-9 ,1.0
170937,-9 ,1.0
170938,-9 ,1.0
170939,-10,1.0
170940,-17,1.0
170941,-8 ,1.0
170942,-10,1.0
170943,-15,1.0
170944,-7 ,1.0
170945,-8 ,1.0
170946,-15,1.0
170947,-8 ,1.0
170948,-9 ,1.0
170949,-8 ,1.0
170950,-14,1.0
170951,-9 ,1.0
170952,-9 ,1.0
170953,-7 ,1.0
170954,-9 ,1.0
170955,-8 ,1.0
170956,-13,1.0
170957,-8 ,1.0
170958,-13,1.0
170959,-7 ,1.0
171000,-7 ,1.0
171001,-7 ,1.0
171002,-12,1.0
171003,-8 ,1.0
171004,-7 ,1.0
171005,-8 ,1.0
171006,-7 ,1.0
171007,-8 ,1.0
171008,-7 ,1.0
171009,-7 ,1.0
171010,-8 ,1.0
171011,-8 ,1.0
171012,-7 ,1.0
171013,-13,1.0
171014,-7 ,1.0
171015,-8 ,1.0
171016,-8 ,1.0
171017,-8 ,1.0
171018,-13,1.0
171019,-7 ,1.0
171020,-7 ,1.0
171021,-8 ,1.0
171022,-13,1.0
171023,-13,1.0
171024,-9 ,1.0
171026,-13,1.0
171027,-7 ,1.0
171028,-7 ,1.0
171029,-6 ,1.0
171030,-7 ,1.0
171031,-8 ,1.0
171032,-7 ,1.0
171033,-6 ,1.0
171034,-7 ,1.0
171035,-7 ,1.0
171036,-13,1.0
171037,-6 ,1.0
171038,-9 ,1.0
171039,-10,1.0
171040,-13,1.0
171041,-5 ,1.0
171042,-13,1.0
171043,-4 ,1.0
171044,-6 ,1.0
171045,-6 ,1.0
171046,-12,1.0
171047,-6 ,1.0
171048,-7 ,1.0
171049,-6 ,1.0
171050,-6 ,1.0
171051,-6 ,1.0
171052,-3 ,1.0
171053,-5 ,1.0
171054,-5 ,1.0
171055,-4 ,1.0
171056,-9 ,1.0
171057,-5 ,1.0
171058,-6 ,1.0
171059,-8 ,1.0
171100,-8 ,1.0
171101,-8 ,1.0
171102,-8 ,1.0
171103,-8 ,1.0
171104,-6 ,1.0
171105,-7 ,1.0
171106,-8 ,1.0
171107,-13,1.0
171108,-9 ,1.0
171109,-9 ,1.0
171110,-4 ,1.0
171111,-5 ,1.0
171112,-5 ,1.0
171113,-11,1.0
171114,-8 ,1.0
171115,-7 ,1.0
171116,-8 ,1.0
171117,-5 ,1.0
171118,-8 ,1.0
171119,-13,1.0
171121,-11,1.0
171122,-6 ,1.0
171123,-11,1.0
171124,-6 ,1.0
171125,-7 ,1.0
171126,-12,1.0
171127,-8 ,1.0
171128,-8 ,1.0
171129,-8 ,1.0
171130,-9 ,1.0
171131,-8 ,1.0
171132,-8 ,1.0
171133,-8 ,1.0
171134,-8 ,1.0
171135,-8 ,1.0
171136,-7 ,1.0
171137,-8 ,1.0
171138,-8 ,1.0
171139,-13,1.0
171140,-9 ,1.0
171141,-8 ,1.0
171142,-6 ,1.0
171143,-9 ,1.0
171144,-8 ,1.0
171145,-13,1.0
171146,-13,1.0
171147,-12,1.0
171148,-7 ,1.0
171149,-7 ,1.0
171150,-13,1.0
171151,-13,1.0
171152,-12,1.0
171153,-7 ,1.0
171154,-6 ,1.0
171155,-7 ,1.0
171156,-8 ,1.0
171157,-7 ,1.0
171158,-6 ,1.0
171159,-6 ,1.0
171200,-18,1.0
171201,-6 ,1.0
171202,-14,1.0
171203,-13,1.0
171204,-7 ,1.0
171205,-7 ,1.0
171206,-8 ,1.0
171207,-7 ,1.0
171208,-8 ,1.0
171209,-8 ,1.0
171210,-8 ,1.0
171211,-7 ,1.0
171212,-12,1.0
171213,-13,1.0
171214,-7 ,1.0
171215,-8 ,1.0
171216,-8 ,1.0
171217,-8 ,1.0
171218,-10,1.0
171220,-8 ,1.0
171221,-8 ,1.0
171222,-9 ,1.0
171223,-8 ,1.0
171224,-8 ,1.0
171225,-13,1.0
171226,-7 ,1.0
171227,-9 ,1.0
171228,-8 ,1.0
171229,-7 ,1.0
171230,-13,1.0
171231,-8 ,1.0
171232,-13,1.0
171233,-8 ,1.0
171234,-12,1.0
171235,-12,1.0
171236,-7 ,1.0
171237,-7 ,1.0
171238,-10,1.0
171239,-14,1.0
171240,-9 ,1.0
171241,-8 ,1.0
171242,-11,1.0
171243,-12,1.0
171244,-8 ,1.0
171245,-7 ,1.0
171246,-7 ,1.0
171247,-13,1.0
171248,-7 ,1.0
171249,-13,1.0
171250,-7 ,1.0
171251,-7 ,1.0
171252,-9 ,1.0
171253,-9 ,1.0
171254,-15,1.0
171255,-7 ,1.0
171256,-6 ,1.0
171257,-11,1.0
171258,-11,1.0
171259,-48,0.885714285714
171300,-12,1.0
171301,-12,1.0
171302,-11,1.0
171303,-11,1.0
171304,-13,1.0
171305,-6 ,1.0
171306,-14,1.0
171307,-9 ,1.0
171308,-8 ,1.0
171309,-7 ,1.0
171310,-8 ,1.0
171311,-8 ,1.0
171312,-8 ,1.0
171313,-8 ,1.0
171314,-9 ,1.0
171315,-6 ,1.0
171317,-13,1.0
171318,-8 ,1.0
171319,-8 ,1.0
171320,-13,1.0
171321,-7 ,1.0
171322,-7 ,1.0
171323,-7 ,1.0
171324,-12,1.0
171325,-6 ,1.0
171326,-12,1.0
171327,-5 ,1.0
171328,-6 ,1.0
171329,-6 ,1.0
171330,-5 ,1.0
171331,-5 ,1.0
171332,-6 ,1.0
171333,-6 ,1.0
171334,-6 ,1.0
171335,-6 ,1.0
171336,-11,1.0
171337,-5 ,1.0
171338,-8 ,1.0
171339,-7 ,1.0
171340,-9 ,1.0
171341,-8 ,1.0
171342,-8 ,1.0
171343,-7 ,1.0
171344,-7 ,1.0
171345,-8 ,1.0
171346,-7 ,1.0
171347,-8 ,1.0
171348,-7 ,1.0
171349,-7 ,1.0
171350,-13,1.0
171351,-7 ,1.0
171352,-10,1.0
171353,-8 ,1.0
171354,-12,1.0
171355,-23,1.0
171356,-6 ,1.0
171357,-6 ,1.0
171358,-8 ,1.0
171359,-7 ,1.0
171400,-10,1.0
171401,-5 ,1.0
171402,-6 ,1.0
171403,-12,1.0
171404,-8 ,1.0
171405,-7 ,1.0
171406,-10,1.0
171407,-14,1.0
171408,-13,1.0
171409,-7 ,1.0
171410,-8 ,1.0
171412,-14,1.0
171413,-8 ,1.0
171414,-14,1.0
171415,-8 ,1.0
171416,-7 ,1.0
171417,-9 ,1.0
171418,-8 ,1.0
171419,-6 ,1.0
171420,-7 ,1.0
171421,-7 ,1.0
171422,-8 ,1.0
171423,-6 ,1.0
171424,-8 ,1.0
171425,-7 ,1.0
171426,-12,1.0
171427,-12,1.0
171428,-6 ,1.0
171429,-7 ,1.0
171430,-12,1.0
171431,-11,1.0
171432,-7 ,1.0
171433,-7 ,1.0
171434,-5 ,1.0
171435,-6 ,1.0
171436,-7 ,1.0
171437,-8 ,1.0
171438,-8 ,1.0
171439,-8 ,1.0
171440,-8 ,1.0
171441,-9 ,1.0
171442,-13,1.0
171443,-8 ,1.0
171444,-8 ,1.0
171445,-8 ,1.0
171446,-10,1.0
171447,-7 ,1.0
171448,-13,1.0
171449,-7 ,1.0
171450,-6 ,1.0
171451,-6 ,1.0
171452,-8 ,1.0
171453,-8 ,1.0
171454,-7 ,1.0
171455,-6 ,1.0
171456,-8 ,1.0
171457,-7 ,1.0
171458,-6 ,1.0
171459,-12,1.0
171500,-12,1.0
171501,-13,1.0
171502,-6 ,1.0
171503,-12,1.0
171504,-5 ,1.0
171505,-8 ,1.0
171506,-8 ,1.0
171507,-9 ,1.0
171508,-12,1.0
171510,-7 ,1.0
171511,-7 ,1.0
171512,-8 ,1.0
171513,-7 ,1.0
171514,-7 ,1.0
171515,-8 ,1.0
171516,-14,1.0
171517,-14,1.0
171518,-9 ,1.0
171519,-10,1.0
171520,-5 ,1.0
171521,-6 ,1.0
171522,-11,1.0
171523,-6 ,1.0
171524,-7 ,1.0
171525,-8 ,1.0
171526,-8 ,1.0
171527,-13,1.0
171528,-8 ,1.0
171529,-8 ,1.0
171530,-9 ,1.0
171531,-8 ,1.0
171532,-13,1.0
171533,-14,1.0
171534,-7 ,1.0
171535,-8 ,1.0
171536,-13,1.0
171537,-8 ,1.0
171538,-7 ,1.0
171539,-10,1.0
171540,-8 ,1.0
171541,-8 ,1.0
171542,-8 ,1.0
171543,-6 ,1.0
171544,-13,1.0
171545,-8 ,1.0
171546,-14,1.0
171547,-8 ,1.0
171548,-10,1.0
171549,-7 ,1.0
171550,-12,1.0
171551,-13,1.0
171552,-9 ,1.0
171553,-10,1.0
171554,-9 ,1.0
171555,-9 ,1.0
171556,-16,1.0
171557,-6 ,1.0
171558,-6 ,1.0
171559,-6 ,1.0
171600,-12,1.0
171601,-6 ,1.0
171602,-7 ,1.0
171603,-5 ,1.0
171604,-5 ,1.0
171606,-7 ,1.0
171607,-8 ,1.0
171608,-7 ,1.0
171609,-6 ,1.0
171610,-6 ,1.0
171611,-5 ,1.0
171612,-12,1.0
171613,-4 ,1.0
171614,-4 ,1.0
171615,-10,1.0
171616,-11,1.0
171617,-6 ,1.0
171618,-8 ,1.0
171619,-4 ,1.0
171620,-10,1.0
171621,-13,1.0
171622,-5 ,1.0
171623,-20,1.0
171624,-5 ,1.0
171625,-3 ,1.0
171626,-4 ,1.0
171627,-5 ,1.0
171628,-7 ,1.0
171629,-4 ,1.0
171630,-19,1.0
171631,-4 ,1.0
171632,-6 ,1.0
171633,-7 ,1.0
171634,-9 ,1.0
171635,-7 ,1.0
171636,-8 ,1.0
171637,-6 ,1.0
171638,-8 ,1.0
171639,-8 ,1.0
171640,-8 ,1.0
171641,-10,1.0
171642,-9 ,1.0
171643,-9 ,1.0
171644,-7 ,1.0
171645,-12,1.0
171646,-7 ,1.0
171647,-12,1.0
171648,-14,1.0
171649,-13,1.0
171650,-7 ,1.0
171651,-10,1.0
171652,-12,1.0
171653,-13,1.0
171654,-7 ,1.0
171655,-11,1.0
171656,-3 ,1.0
171657,-5 ,1.0
171658,-6 ,1.0
171659,-6 ,1.0
171700,-6 ,1.0
171701,-5 ,1.0
171702,-6 ,1.0
171704,-11,1.0
171705,-11,1.0
171706,-5 ,1.0
171707,-5 ,1.0
171708,-4 ,1.0
171709,-8 ,1.0
171710,-4 ,1.0
171711,-4 ,1.0
171712,-3 ,1.0
171713,-6 ,1.0
171714,-5 ,1.0
171715,-5 ,1.0
171716,-4 ,1.0
171717,-10,1.0
171718,-5 ,1.0
171719,-14,1.0
171720,-9 ,1.0
171721,-6 ,1.0
171722,-7 ,1.0
171723,-8 ,1.0
171724,-7 ,1.0
171725,-5 ,1.0
171726,-8 ,1.0
171727,-11,1.0
171728,-7 ,1.0
171729,-7 ,1.0
171730,-10,1.0
171731,-6 ,1.0
171732,-7 ,1.0
171733,-7 ,1.0
171734,-7 ,1.0
171735,-7 ,1.0
171736,-7 ,1.0
171737,-9 ,1.0
171738,-11,1.0
171739,-8 ,1.0
171740,-14,1.0
171741,-13,1.0
171742,-7 ,1.0
171743,-12,1.0
171744,-7 ,1.0
171745,-5 ,1.0
171746,-7 ,1.0
171747,-13,1.0
171748,-8 ,1.0
171749,-8 ,1.0
171750,-13,1.0
171751,-13,1.0
171752,-8 ,1.0
171753,-8 ,1.0
171754,-7 ,1.0
171755,-8 ,1.0
171756,-10,1.0
171757,-9 ,1.0
171758,-8 ,1.0
171759,-6 ,1.0
171800,-15,1.0
171801,-7 ,1.0
171802,-7 ,1.0
171804,-14,1.0
171805,-7 ,1.0
171806,-8 ,1.0
171807,-8 ,1.0
171808,-14,1.0
171809,-6 ,1.0
171810,-13,1.0
171811,-15,1.0
171812,-8 ,1.0
171813,-8 ,1.0
171814,-9 ,1.0
171815,-7 ,1.0
171816,-8 ,1.0
171817,-6 ,1.0
171818,-9 ,1.0
171819,-9 ,1.0
171820,-9 ,1.0
171821,-13,1.0
171822,-7 ,1.0
171823,-7 ,1.0
171824,-7 ,1.0
171825,-8 ,1.0
171826,-7 ,1.0
171827,-7 ,1.0
171828,-6 ,1.0
171829,-7 ,1.0
171830,-7 ,1.0
171831,-14,1.0
171832,-10,1.0
171833,-9 ,1.0
171834,-7 ,1.0
171835,-7 ,1.0
171836,-8 ,1.0
171837,-7 ,1.0
171838,-7 ,1.0
171839,-7 ,1.0
171840,-7 ,1.0
171841,-7 ,1.0
171842,-7 ,1.0
171843,-7 ,1.0
171844,-13,1.0
171845,-12,1.0
171846,-6 ,1.0
171847,-7 ,1.0
171848,-6 ,1.0
171849,-6 ,1.0
171850,-13,1.0
171851,-12,1.0
171852,-8 ,1.0
171853,-13,1.0
171854,-7 ,1.0
171855,-15,1.0
171856,-17,1.0
171857,-15,1.0
171858,-8 ,1.0
171859,-15,1.0
171900,-11,1.0
171901,-9 ,1.0
171902,-8 ,1.0
171903,-7 ,1.0
171905,-8 ,1.0
171906,-8 ,1.0
171907,-9 ,1.0
171908,-23,1.0
171909,-10,1.0
171910,-9 ,1.0
171911,-10,1.0
171912,-10,1.0
171913,-10,1.0
171914,-10,1.0
171915,-16,1.0
171916,-9 ,1.0
171917,-16,1.0
171918,-9 ,1.0
171919,-9 ,1.0
171920,-8 ,1.0
171921,-10,1.0
171922,-9 ,1.0
171923,-9 ,1.0
171924,-10,1.0
171925,-9 ,1.0
171926,-8 ,1.0
171927,-9 ,1.0
171928,-9 ,1.0
171929,-10,1.0
171930,-17,1.0
171931,-8 ,1.0
171932,-6 ,1.0
171933,-7 ,1.0
171934,-8 ,1.0
171935,-8 ,1.0
171936,-9 ,1.0
171937,-9 ,1.0
171938,-7 ,1.0
171939,-9 ,1.0
171940,-8 ,1.0
171941,-16,1.0
171942,-9 ,1.0
171943,-16,1.0
171944,-8 ,1.0
171945,-9 ,1.0
171946,-7 ,1.0
171947,-15,1.0
171948,-11,1.0
171949,-13,1.0
171950,-7 ,1.0
171951,-7 ,1.0
171952,-8 ,1.0
171953,-8 ,1.0
171954,-13,1.0
171955,-6 ,1.0
171956,-7 ,1.0
171957,-7 ,1.0
171959,-9 ,1.0
172000,-8 ,1.0
172001,-9 ,1.0
172002,-8 ,1.0
172003,-9 ,1.0
172004,-9 ,1.0
172005,-16,1.0
172006,-8 ,1.0
172007,-10,1.0
172008,-7 ,1.0
172009,-16,1.0
172010,-7 ,1.0
172011,-23,1.0
172012,-6 ,1.0
172013,-9 ,1.0
172014,-10,1.0
172015,-8 ,1.0
172016,-8 ,1.0
172017,-8 ,1.0
172018,-6 ,1.0
172019,-8 ,1.0
172020,-8 ,1.0
172021,-10,1.0
172022,-16,1.0
172023,-8 ,1.0
172024,-9 ,1.0
172025,-9 ,1.0
172026,-9 ,1.0
172027,-9 ,1.0
172028,-10,1.0
172029,-9 ,1.0
172030,-8 ,1.0
172031,-9 ,1.0
172032,-14,1.0
172033,-8 ,1.0
172034,-8 ,1.0
172035,-8 ,1.0
172036,-16,1.0
172037,-8 ,1.0
172038,-9 ,1.0
172039,-9 ,1.0
172040,-9 ,1.0
172041,-8 ,1.0
172042,-9 ,1.0
172043,-8 ,1.0
172044,-8 ,1.0
172045,-16,1.0
172046,-8 ,1.0
172047,-15,1.0
172048,-6 ,1.0
172049,-7 ,1.0
172050,-6 ,1.0
172051,-8 ,1.0
172052,-8 ,1.0
172053,-9 ,1.0
172054,-7 ,1.0
172055,-9 ,1.0
172056,-8 ,1.0
172058,-7 ,1.0
172059,-8 ,1.0
172100,-11,1.0
172101,-8 ,1.0
172102,-9 ,1.0
172103,-8 ,1.0
172104,-8 ,1.0
172105,-9 ,1.0
172106,-10,1.0
172107,-7 ,1.0
172108,-7 ,1.0
172109,-8 ,1.0
172110,-8 ,1.0
172111,-8 ,1.0
172112,-8 ,1.0
172113,-9 ,1.0
172114,-8 ,1.0
172115,-9 ,1.0
172116,-16,1.0
172117,-9 ,1.0
172118,-9 ,1.0
172119,-14,1.0
172120,-17,1.0
172121,-17,1.0
172122,-10,1.0
172123,-10,1.0
172124,-10,1.0
172125,-9 ,1.0
172126,-9 ,1.0
172127,-16,1.0
172128,-15,1.0
172129,-15,1.0
172130,-10,1.0
172131,-8 ,1.0
172132,-10,1.0
172133,-14,1.0
172134,-15,1.0
172135,-8 ,1.0
172136,-9 ,1.0
172137,-9 ,1.0
172138,-9 ,1.0
172139,-17,1.0
172140,-8 ,1.0
172141,-9 ,1.0
172142,-14,1.0
172143,-9 ,1.0
172144,-7 ,1.0
172145,-9 ,1.0
172146,-8 ,1.0
172147,-9 ,1.0
172148,-16,1.0
172149,-12,1.0
172150,-9 ,1.0
172151,-8 ,1.0
172152,-8 ,1.0
172153,-8 ,1.0
172154,-10,1.0
172155,-9 ,1.0
172156,-9 ,1.0
172157,-15,1.0
172158,-9 ,1.0
172200,-9 ,1.0
172201,-9 ,1.0
172202,-9 ,1.0
172203,-9 ,1.0
172204,-10,1.0
172205,-8 ,1.0
172206,-16,1.0
172207,-10,1.0
172208,-11,1.0
172209,-15,1.0
172210,-10,1.0
172211,-11,1.0
172212,-16,1.0
172213,-16,1.0
172214,-13,1.0
172215,-10,1.0
172216,-8 ,1.0
172217,-9 ,1.0
172218,-8 ,1.0
172219,-7 ,1.0
172220,-7 ,1.0
172221,-9 ,1.0
172222,-7 ,1.0
172223,-9 ,1.0
172224,-8 ,1.0
172225,-15,1.0
172226,-14,1.0
172227,-8 ,1.0
172228,-9 ,1.0
172229,-9 ,1.0
172230,-16,1.0
172231,-8 ,1.0
172232,-8 ,1.0
172233,-8 ,1.0
172234,-10,1.0
172235,-8 ,1.0
172236,-8 ,1.0
172237,-9 ,1.0
172238,-8 ,1.0
172239,-8 ,1.0
172240,-8 ,1.0
172241,-8 ,1.0
172242,-8 ,1.0
172243,-9 ,1.0
172244,-9 ,1.0
172245,-14,1.0
172246,-8 ,1.0
172247,-16,1.0
172248,-15,1.0
172249,-8 ,1.0
172250,-14,1.0
172251,-8 ,1.0
172252,-14,1.0
172253,-15,1.0
172254,-8 ,1.0
172255,-8 ,1.0
172256,-9 ,1.0
172258,-9 ,1.0
172259,-9 ,1.0
172300,-10,1.0
172301,-8 ,1.0
172302,-13,1.0
172303,-7 ,1.0
172304,-9 ,1.0
172305,-7 ,1.0
172306,-13,1.0
172307,-7 ,1.0
172308,-8 ,1.0
172309,-8 ,1.0
172310,-7 ,1.0
172311,-7 ,1.0
172312,-8 ,1.0
172313,-9 ,1.0
172314,-6 ,1.0
172315,-6 ,1.0
172316,-15,1.0
172317,-13,1.0
172318,-8 ,1.0
172319,-10,1.0
172320,-8 ,1.0
172321,-9 ,1.0
172322,-9 ,1.0
172323,-10,1.0
172324,-9 ,1.0
172325,-17,1.0
172326,-9 ,1.0
172327,-9 ,1.0
172328,-8 ,1.0
172329,-17,1.0
172330,-9 ,1.0
172331,-8 ,1.0
172332,-10,1.0
172333,-9 ,1.0
172334,-8 ,1.0
172335,-6 ,1.0
172336,-7 ,1.0
172337,-7 ,1.0
172338,-9 ,1.0
172339,-7 ,1.0
172340,-8 ,1.0
172341,-8 ,1.0
172342,-9 ,1.0
172343,-14,1.0
172344,-8 ,1.0
172345,-9 ,1.0
172346,-13,1.0
172347,-10,1.0
172348,-8 ,1.0
172349,-15,1.0
172350,-8 ,1.0
172351,-15,1.0
172352,-7 ,1.0
172353,-15,1.0
172354,-7 ,1.0
172356,-5 ,1.0
172357,-12,1.0
172358,-6 ,1.0
172359,-5 ,1.0
172400,-13,1.0
172401,-7 ,1.0
172402,-7 ,1.0
172403,-9 ,1.0
172404,-8 ,1.0
172405,-8 ,1.0
172406,-7 ,1.0
172407,-11,1.0
172408,-7 ,1.0
172409,-10,1.0
172410,-12,1.0
172411,-8 ,1.0
172412,-7 ,1.0
172413,-7 ,1.0
172414,-6 ,1.0
172415,-8 ,1.0
172416,-12,1.0
172417,-7 ,1.0
172418,-6 ,1.0
172419,-8 ,1.0
172420,-7 ,1.0
172421,-7 ,1.0
172422,-16,1.0
172423,-14,1.0
172424,-6 ,1.0
172425,-6 ,1.0
172426,-14,1.0
172427,-8 ,1.0
172428,-10,1.0
172429,-9 ,1.0
172430,-9 ,1.0
172431,-15,1.0
172432,-8 ,1.0
172433,-9 ,1.0
172434,-9 ,1.0
172435,-10,1.0
172436,-16,1.0
172437,-16,1.0
172438,-9 ,1.0
172439,-9 ,1.0
172440,-14,1.0
172441,-8 ,1.0
172442,-16,1.0
172443,-13,1.0
172444,-12,1.0
172445,-6 ,1.0
172446,-8 ,1.0
172447,-15,1.0
172448,-8 ,1.0
172449,-14,1.0
172450,-9 ,1.0
172451,-8 ,1.0
172453,-10,1.0
172454,-14,1.0
172455,-7 ,1.0
172456,-8 ,1.0
172457,-10,1.0
172458,-15,1.0
172459,-7 ,1.0
172500,-13,1.0
172501,-10,1.0
172502,-16,1.0
172503,-8 ,1.0
172504,-7 ,1.0
172505,-15,1.0
172506,-13,1.0
172507,-9 ,1.0
172508,-8 ,1.0
172509,-10,1.0
172510,-8 ,1.0
172511,-6 ,1.0
172512,-6 ,1.0
172513,-17,1.0
172514,-7 ,1.0
172515,-13,1.0
172516,-6 ,1.0
172517,-5 ,1.0
172518,-9 ,1.0
172519,-7 ,1.0
172520,-7 ,1.0
172521,-8 ,1.0
172522,-7 ,1.0
172523,-9 ,1.0
172524,-9 ,1.0
172525,-8 ,1.0
172526,-9 ,1.0
172527,-8 ,1.0
172528,-8 ,1.0
172529,-8 ,1.0
172530,-8 ,1.0
172531,-8 ,1.0
172532,-9 ,1.0
172533,-8 ,1.0
172534,-9 ,1.0
172535,-9 ,1.0
172536,-15,1.0
172537,-11,1.0
172538,-9 ,1.0
172539,-14,1.0
172540,-7 ,1.0
172541,-11,1.0
172542,-8 ,1.0
172543,-14,1.0
172544,-8 ,1.0
172545,-9 ,1.0
172546,-9 ,1.0
172547,-10,1.0
172548,-13,1.0
172549,-7 ,1.0
172551,-6 ,1.0
172552,-13,1.0
172553,-15,1.0
172554,-10,1.0
172555,-8 ,1.0
172556,-15,1.0
172557,-10,1.0
172558,-15,1.0
172559,-8 ,1.0
172600,-8 ,1.0
172601,-8 ,1.0
172602,-8 ,1.0
172603,-9 ,1.0
172604,-8 ,1.0
172605,-8 ,1.0
172606,-8 ,1.0
172607,-9 ,1.0
172608,-7 ,1.0
172609,-9 ,1.0
172610,-9 ,1.0
172611,-7 ,1.0
172612,-14,1.0
172613,-14,1.0
172614,-10,1.0
172615,-7 ,1.0
172616,-16,1.0
172617,-15,1.0
172618,-9 ,1.0
172619,-7 ,1.0
172620,-9 ,1.0
172621,-9 ,1.0
172622,-16,1.0
172623,-6 ,1.0
172624,-8 ,1.0
172625,-7 ,1.0
172626,-7 ,1.0
172627,-14,1.0
172628,-14,1.0
172629,-9 ,1.0
172630,-13,1.0
172631,-12,1.0
172632,-4 ,1.0
172633,-10,1.0
172634,-14,1.0
172635,-7 ,1.0
172636,-6 ,1.0
172637,-7 ,1.0
172638,-16,1.0
172639,-8 ,1.0
172640,-9 ,1.0
172641,-6 ,1.0
172642,-7 ,1.0
172643,-8 ,1.0
172644,-7 ,1.0
172645,-8 ,1.0
172646,-8 ,1.0
172647,-8 ,1.0
172648,-8 ,1.0
172649,-8 ,1.0
172650,-7 ,1.0
172652,-16,1.0
172653,-8 ,1.0
172654,-9 ,1.0
172655,-8 ,1.0
172656,-8 ,1.0
172657,-7 ,1.0
172658,-10,1.0
172659,-7 ,1.0
172700,-8 ,1.0
172701,-10,1.0
172702,-8 ,1.0
172703,-8 ,1.0
172704,-10,1.0
172705,-9 ,1.0
172706,-15,1.0
172707,-10,1.0
172708,-9 ,1.0
172709,-10,1.0
172710,-9 ,1.0
172711,-9 ,1.0
172712,-10,1.0
172713,-9 ,1.0
172714,-8 ,1.0
172715,-9 ,1.0
172716,-16,1.0
172717,-9 ,1.0
172718,-8 ,1.0
172719,-8 ,1.0
172720,-9 ,1.0
172721,-7 ,1.0
172722,-15,1.0
172723,-8 ,1.0
172724,-9 ,1.0
172725,-7 ,1.0
172726,-14,1.0
172727,-8 ,1.0
172728,-9 ,1.0
172729,-8 ,1.0
172730,-9 ,1.0
172731,-9 ,1.0
172732,-7 ,1.0
172733,-14,1.0
172734,-7 ,1.0
172735,-9 ,1.0
172736,-10,1.0
172737,-9 ,1.0
172738,-13,1.0
172739,-8 ,1.0
172740,-9 ,1.0
172741,-16,1.0
172742,-16,1.0
172743,-16,1.0
172744,-8 ,1.0
172745,-8 ,1.0
172746,-7 ,1.0
172747,-14,1.0
172748,-8 ,1.0
172749,-8 ,1.0
172750,-8 ,1.0
172752,-11,1.0
172753,-9 ,1.0
172754,-14,1.0
172755,-9 ,1.0
172756,-8 ,1.0
172757,-8 ,1.0
172758,-16,1.0
172759,-9 ,1.0
172800,-9 ,1.0
172801,-8 ,1.0
172802,-9 ,1.0
172803,-8 ,1.0
172804,-7 ,1.0
172805,-14,1.0
172806,-8 ,1.0
172807,-6 ,1.0
172808,-7 ,1.0
172809,-7 ,1.0
172810,-7 ,1.0
172811,-6 ,1.0
172812,-6 ,1.0
172813,-7 ,1.0
172814,-6 ,1.0
172815,-5 ,1.0
172816,-13,1.0
172817,-12,1.0
172818,-12,1.0
172819,-7 ,1.0
172820,-7 ,1.0
172821,-14,1.0
172822,-6 ,1.0
172823,-13,1.0
172824,-7 ,1.0
172825,-13,1.0
172826,-8 ,1.0
172827,-11,1.0
172828,-7 ,1.0
172829,-7 ,1.0
172830,-9 ,1.0
172831,-13,1.0
172832,-9 ,1.0
172833,-9 ,1.0
172834,-8 ,1.0
172835,-7 ,1.0
172836,-7 ,1.0
172837,-12,1.0
172838,-6 ,1.0
172839,-8 ,1.0
172840,-8 ,1.0
172841,-7 ,1.0
172842,-13,1.0
172843,-10,1.0
172844,-9 ,1.0
172845,-6 ,1.0
172847,-6 ,1.0
172848,-5 ,1.0
172849,-8 ,1.0
172850,-8 ,1.0
172851,-9 ,1.0
172852,-8 ,1.0
172853,-6 ,1.0
172854,-9 ,1.0
172855,-9 ,1.0
172856,-8 ,1.0
172857,-8 ,1.0
172858,-13,1.0
172859,-5 ,1.0
172900,-6 ,1.0
172901,-9 ,1.0
172902,-9 ,1.0
172903,-9 ,1.0
172904,-9 ,1.0
172905,-17,1.0
172906,-9 ,1.0
172907,-8 ,1.0
172908,-7 ,1.0
172909,-7 ,1.0
172910,-8 ,1.0
172911,-6 ,1.0
172912,-8 ,1.0
172913,-9 ,1.0
172914,-7 ,1.0
172915,-6 ,1.0
172916,-8 ,1.0
172917,-9 ,1.0
172918,-14,1.0
172919,-9 ,1.0
172920,-9 ,1.0
172921,-9 ,1.0
172922,-9 ,1.0
172923,-8 ,1.0
172924,-7 ,1.0
172925,-9 ,1.0
172926,-9 ,1.0
172927,-8 ,1.0
172928,-8 ,1.0
172929,-9 ,1.0
172930,-8 ,1.0
172931,-9 ,1.0
172932,-16,1.0
172933,-8 ,1.0
172934,-9 ,1.0
172935,-9 ,1.0
172936,-7 ,1.0
172937,-8 ,1.0
172938,-8 ,1.0
172939,-7 ,1.0
172940,-6 ,1.0
172941,-16,1.0
172942,-6 ,1.0
172943,-12,1.0
172944,-8 ,1.0
172946,-6 ,1.0
172947,-14,1.0
172948,-5 ,1.0
172949,-9 ,1.0
172950,-4 ,1.0
172951,-5 ,1.0
172952,-13,1.0
172953,-7 ,1.0
172954,-8 ,1.0
172955,-8 ,1.0
172956,-9 ,1.0
172957,-6 ,1.0
172958,-8 ,1.0
172959,-8 ,1.0
173000,-8 ,1.0
173001,-9 ,1.0
173002,-8 ,1.0
173003,-8 ,1.0
173004,-8 ,1.0
173005,-8 ,1.0
173006,-8 ,1.0
173007,-8 ,1.0
173008,-7 ,1.0
173009,-7 ,1.0
173010,-7 ,1.0
173011,-8 ,1.0
173012,-9 ,1.0
173013,-7 ,1.0
173014,-8 ,1.0
173015,-10,1.0
173016,-8 ,1.0
173017,-16,1.0
173018,-10,1.0
173019,-15,1.0
173020,-8 ,1.0
173021,-9 ,1.0
173022,-9 ,1.0
173023,-9 ,1.0
173024,-16,1.0
173025,-9 ,1.0
173026,-11,1.0
173027,-10,1.0
173028,-10,1.0
173029,-9 ,1.0
173030,-8 ,1.0
173031,-7 ,1.0
173032,-10,1.0
173033,-8 ,1.0
173034,-9 ,1.0
173035,-9 ,1.0
173036,-15,1.0
173037,-9 ,1.0
173038,-17,1.0
173039,-9 ,1.0
173041,-15,1.0
173042,-9 ,1.0
173043,-15,1.0
173044,-8 ,1.0
173045,-15,1.0
173046,-8 ,1.0
173047,-8 ,1.0
173048,-8 ,1.0
173049,-9 ,1.0
173050,-16,1.0
173051,-10,1.0
173052,-9 ,1.0
173053,-9 ,1.0
173054,-8 ,1.0
173055,-6 ,1.0
173056,-18,1.0
173057,-14,1.0
173058,-6 ,1.0
173059,-12,1.0
173100,-62,0.685714285714
173101,-17,1.0
173102,-6 ,1.0
173103,-9 ,1.0
173104,-8 ,1.0
173105,-8 ,1.0
173106,-9 ,1.0
173107,-9 ,1.0
173108,-9 ,1.0
173109,-8 ,1.0
173110,-8 ,1.0
173111,-8 ,1.0
173112,-9 ,1.0
173113,-10,1.0
173114,-14,1.0
173115,-8 ,1.0
173116,-9 ,1.0
173117,-13,1.0
173118,-11,1.0
173119,-9 ,1.0
173120,-17,1.0
173121,-9 ,1.0
173122,-8 ,1.0
173123,-9 ,1.0
173124,-16,1.0
173125,-15,1.0
173126,-9 ,1.0
173127,-9 ,1.0
173128,-15,1.0
173129,-15,1.0
173130,-16,1.0
173131,-8 ,1.0
173132,-10,1.0
173133,-15,1.0
173134,-8 ,1.0
173135,-10,1.0
173137,-9 ,1.0
173138,-11,1.0
173139,-12,1.0
173140,-8 ,1.0
173141,-10,1.0
173142,-8 ,1.0
173143,-9 ,1.0
173144,-12,1.0
173145,-9 ,1.0
173146,-7 ,1.0
173147,-9 ,1.0
173148,-23,1.0
173149,-8 ,1.0
173150,-8 ,1.0
173151,-7 ,1.0
173152,-8 ,1.0
173153,-8 ,1.0
173154,-7 ,1.0
173155,-9 ,1.0
173156,-8 ,1.0
173157,-8 ,1.0
173158,-15,1.0
173159,-15,1.0
173200,-10,1.0
173201,-9 ,1.0
173202,-9 ,1.0
173203,-14,1.0
173204,-15,1.0
173205,-7 ,1.0
173206,-8 ,1.0
173207,-10,1.0
173208,-8 ,1.0
173209,-7 ,1.0
173210,-8 ,1.0
173211,-8 ,1.0
173212,-14,1.0
173213,-14,1.0
173214,-7 ,1.0
173215,-7 ,1.0
173216,-6 ,1.0
173217,-8 ,1.0
173218,-8 ,1.0
173219,-8 ,1.0
173220,-8 ,1.0
173221,-8 ,1.0
173222,-14,1.0
173223,-7 ,1.0
173224,-7 ,1.0
173225,-8 ,1.0
173226,-8 ,1.0
173227,-8 ,1.0
173228,-9 ,1.0
173229,-8 ,1.0
173230,-8 ,1.0
173231,-9 ,1.0
173232,-10,1.0
173234,-7 ,1.0
173235,-10,1.0
173236,-9 ,1.0
173237,-8 ,1.0
173238,-8 ,1.0
173239,-9 ,1.0
173240,-9 ,1.0
173241,-16,1.0
173242,-9 ,1.0
173243,-12,1.0
173244,-9 ,1.0
173245,-8 ,1.0
173246,-8 ,1.0
173247,-6 ,1.0
173248,-8 ,1.0
173249,-9 ,1.0
