170031,-8 ,1.0
170032,-9 ,1.0
170033,-19,1.0
170034,-9 ,1.0
170035,-9 ,1.0
170036,-10,1.0
170037,-9 ,1.0
170038,-9 ,1.0
170039,-14,1.0
170040,-5 ,1.0
170041,-11,1.0
170042,-16,1.0
170043,-17,1.0
170044,-10,1.0
170045,-19,1.0
170046,-14,1.0
170047,-6 ,1.0
170048,-9 ,1.0
170049,-13,1.0
170050,-13,1.0
170051,-7 ,1.0
170052,-6 ,1.0
170053,-12,1.0
170054,-11,1.0
170055,-13,1.0
170056,-7 ,1.0
170057,-11,1.0
170058,-15,1.0
170059,-12,1.0
170100,-14,1.0
170101,-14,1.0
170102,-7 ,1.0
170103,-12,1.0
170104,-10,1.0
170105,-10,1.0
170106,-13,1.0
170107,-13,1.0
170108,-13,1.0
170109,-17,1.0
170110,-15,1.0
170111,-15,1.0
170113,-9 ,1.0
170114,-6 ,1.0
170115,-7 ,1.0
170116,-9 ,1.0
170117,-6 ,1.0
170118,-11,1.0
170119,-12,1.0
170120,-15,1.0
170121,-8 ,1.0
170122,-18,1.0
170123,-17,1.0
170124,-15,1.0
170125,-9 ,1.0
170126,-11,1.0
170127,-11,1.0
170128,-16,1.0
170129,-16,1.0
170130,-9 ,1.0
170131,-9 ,1.0
170132,-12,1.0
170133,-10,1.0
170134,-14,1.0
170135,-14,1.0
170136,-9 ,1.0
170137,-17,1.0
170138,-17,1.0
170139,-14,1.0
170140,-9 ,1.0
170141,-8 ,1.0
170142,-15,1.0
170143,-6 ,1.0
170144,-12,1.0
170145,-11,1.0
170146,-6 ,1.0
170147,-15,1.0
170148,-11,1.0
170149,-9 ,1.0
170150,-9 ,1.0
170151,-8 ,1.0
170152,-9 ,1.0
170153,-15,1.0
170154,-10,1.0
170155,-11,1.0
170156,-14,1.0
170157,-15,1.0
170158,-11,1.0
170159,-7 ,1.0
170200,-13,1.0
170201,-15,1.0
170202,-9 ,1.0
170203,-16,1.0
170204,-14,1.0
170205,-17,1.0
170206,-9 ,1.0
170207,-17,1.0
170209,-11,1.0
170210,-16,1.0
170211,-11,1.0
170212,-32,1.0
170213,-10,1.0
170214,-9 ,1.0
170215,-10,1.0
170216,-9 ,1.0
170217,-9 ,1.0
170218,-11,1.0
170219,-10,1.0
170220,-8 ,1.0
170221,-10,1.0
170222,-10,1.0
170223,-8 ,1.0
170224,-10,1.0
170225,-10,1.0
170226,-9 ,1.0
170227,-9 ,1.0
170228,-16,1.0
170229,-11,1.0
170230,-8 ,1.0
170231,-8 ,1.0
170232,-10,1.0
170233,-9 ,1.0
170234,-10,1.0
170235,-9 ,1.0
170236,-10,1.0
170237,-9 ,1.0
170238,-15,1.0
170239,-9 ,1.0
170240,-9 ,1.0
170241,-9 ,1.0
170242,-9 ,1.0
170243,-11,1.0
170244,-10,1.0
170245,-9 ,1.0
170246,-8 ,1.0
170247,-8 ,1.0
170248,-9 ,1.0
170249,-9 ,1.0
170250,-16,1.0
170251,-9 ,1.0
170252,-8 ,1.0
170253,-8 ,1.0
170254,-10,1.0
170255,-9 ,1.0
170256,-11,1.0
170257,-9 ,1.0
170258,-9 ,1.0
170259,-9 ,1.0
170300,-10,1.0
170301,-9 ,1.0
170302,-10,1.0
170303,-9 ,1.0
170304,-15,1.0
170305,-9 ,1.0
170306,-11,1.0
170307,-16,1.0
170309,-7 ,1.0
170310,-15,1.0
170311,-9 ,1.0
170312,-11,1.0
170313,-11,1.0
170314,-10,1.0
170315,-17,1.0
170316,-12,1.0
170317,-8 ,1.0
170318,-10,1.0
170319,-16,1.0
170320,-9 ,1.0
170321,-9 ,1.0
170322,-8 ,1.0
170323,-10,1.0
170324,-15,1.0
170325,-10,1.0
170326,-16,1.0
170327,-10,1.0
170328,-10,1.0
170329,-16,1.0
170330,-9 ,1.0
170331,-9 ,1.0
170332,-10,1.0
170333,-4 ,1.0
170334,-16,1.0
170335,-9 ,1.0
170336,-9 ,1.0
170337,-16,1.0
170338,-11,1.0
170339,-16,1.0
170340,-14,1.0
170341,-15,1.0
170342,-10,1.0
170343,-10,1.0
170344,-10,1.0
170345,-9 ,1.0
170346,-9 ,1.0
170347,-16,1.0
170348,-12,1.0
170349,-10,1.0
170350,-9 ,1.0
170351,-7 ,1.0
170352,-8 ,1.0
170353,-7 ,1.0
170354,-16,1.0
170355,-10,1.0
170356,-16,1.0
170357,-15,1.0
170358,-10,1.0
170359,-11,1.0
170400,-9 ,1.0
170401,-8 ,1.0
170402,-9 ,1.0
170403,-9 ,1.0
170404,-17,1.0
170405,-9 ,1.0
170406,-9 ,1.0
170407,-10,1.0
170409,-8 ,1.0
170410,-11,1.0
170411,-14,1.0
170412,-7 ,1.0
170413,-7 ,1.0
170414,-16,1.0
170415,-15,1.0
170416,-8 ,1.0
170417,-9 ,1.0
170418,-8 ,1.0
170419,-8 ,1.0
170420,-8 ,1.0
170421,-9 ,1.0
170422,-15,1.0
170423,-8 ,1.0
170424,-15,1.0
170425,-9 ,1.0
170426,-8 ,1.0
170427,-8 ,1.0
170428,-15,1.0
170429,-9 ,1.0
170430,-8 ,1.0
170431,-9 ,1.0
170432,-10,1.0
170433,-9 ,1.0
170434,-9 ,1.0
170435,-8 ,1.0
170436,-16,1.0
170437,-9 ,1.0
170438,-9 ,1.0
170439,-9 ,1.0
170440,-10,1.0
170441,-8 ,1.0
170442,-8 ,1.0
170443,-14,1.0
170444,-9 ,1.0
170445,-16,1.0
170446,-8 ,1.0
170447,-15,1.0
170448,-16,1.0
170449,-16,1.0
170450,-16,1.0
170451,-9 ,1.0
170452,-9 ,1.0
170453,-9 ,1.0
170454,-16,1.0
170455,-10,1.0
170456,-9 ,1.0
170457,-15,1.0
170458,-9 ,1.0
170459,-9 ,1.0
170500,-9 ,1.0
170501,-9 ,1.0
170502,-9 ,1.0
170503,-9 ,1.0
170504,-7 ,1.0
170505,-10,1.0
170506,-13,1.0
170507,-9 ,1.0
170509,-16,1.0
170510,-10,1.0
170511,-10,1.0
170512,-9 ,1.0
170513,-9 ,1.0
170514,-10,1.0
170515,-9 ,1.0
170516,-8 ,1.0
170517,-9 ,1.0
170518,-8 ,1.0
170519,-16,1.0
170520,-8 ,1.0
170521,-9 ,1.0
170522,-16,1.0
170523,-15,1.0
170524,-9 ,1.0
170525,-9 ,1.0
170526,-9 ,1.0
170527,-10,1.0
170528,-15,1.0
170529,-11,1.0
170530,-8 ,1.0
170531,-8 ,1.0
170532,-8 ,1.0
170533,-10,1.0
170534,-9 ,1.0
170535,-9 ,1.0
170536,-10,1.0
170537,-9 ,1.0
170538,-16,1.0
170539,-15,1.0
170540,-10,1.0
170541,-9 ,1.0
170542,-9 ,1.0
170543,-14,1.0
170544,-9 ,1.0
170545,-16,1.0
170546,-16,1.0
170547,-8 ,1.0
170548,-8 ,1.0
170549,-10,1.0
170550,-16,1.0
170551,-8 ,1.0
170552,-14,1.0
170553,-8 ,1.0
170554,-8 ,1.0
170555,-8 ,1.0
170556,-8 ,1.0
170557,-9 ,1.0
170558,-8 ,1.0
170559,-8 ,1.0
170600,-15,1.0
170601,-8 ,1.0
170602,-8 ,1.0
170603,-7 ,1.0
170604,-7 ,1.0
170606,-7 ,1.0
170607,-8 ,1.0
170608,-7 ,1.0
170609,-8 ,1.0
170610,-7 ,1.0
170611,-7 ,1.0
170612,-7 ,1.0
170613,-8 ,1.0
170614,-8 ,1.0
170615,-8 ,1.0
170616,-8 ,1.0
170617,-9 ,1.0
170618,-9 ,1.0
170619,-7 ,1.0
170620,-8 ,1.0
170621,-8 ,1.0
170622,-14,1.0
170623,-7 ,1.0
170624,-10,1.0
170625,-8 ,1.0
170626,-8 ,1.0
170627,-15,1.0
170628,-8 ,1.0
170629,-9 ,1.0
170630,-12,1.0
170631,-9 ,1.0
170632,-9 ,1.0
170633,-9 ,1.0
170634,-11,1.0
170635,-7 ,1.0
170636,-7 ,1.0
170637,-8 ,1.0
170638,-8 ,1.0
170639,-9 ,1.0
170640,-8 ,1.0
170641,-9 ,1.0
170642,-14,1.0
170643,-15,1.0
170644,-10,1.0
170645,-16,1.0
170646,-9 ,1.0
170647,-9 ,1.0
170648,-9 ,1.0
170649,-16,1.0
170650,-9 ,1.0
170651,-15,1.0
170652,-9 ,1.0
170653,-16,1.0
170654,-9 ,1.0
170655,-9 ,1.0
170656,-16,1.0
170657,-9 ,1.0
170658,-11,1.0
170659,-15,1.0
170700,-10,1.0
170701,-9 ,1.0
170703,-9 ,1.0
170704,-9 ,1.0
170705,-9 ,1.0
170706,-9 ,1.0
170707,-8 ,1.0
170708,-8 ,1.0
170709,-8 ,1.0
170710,-9 ,1.0
170711,-25,1.0
170712,-10,1.0
170713,-9 ,1.0
170714,-9 ,1.0
170715,-9 ,1.0
170716,-12,1.0
170717,-9 ,1.0
170718,-9 ,1.0
170719,-9 ,1.0
170720,-9 ,1.0
170721,-9 ,1.0
170722,-16,1.0
170723,-9 ,1.0
170724,-10,1.0
170725,-10,1.0
170726,-9 ,1.0
170727,-8 ,1.0
170728,-8 ,1.0
170729,-9 ,1.0
170730,-10,1.0
170731,-10,1.0
170732,-10,1.0
170733,-9 ,1.0
170734,-10,1.0
170735,-10,1.0
170736,-13,1.0
170737,-11,1.0
170738,-9 ,1.0
170739,-8 ,1.0
170740,-10,1.0
170741,-10,1.0
170742,-9 ,1.0
170743,-9 ,1.0
170744,-11,1.0
170745,-12,1.0
170746,-11,1.0
170747,-10,1.0
170748,-10,1.0
170749,-9 ,1.0
170750,-9 ,1.0
170751,-9 ,1.0
170752,-10,1.0
170753,-9 ,1.0
170754,-9 ,1.0
170755,-10,1.0
170756,-10,1.0
170757,-9 ,1.0
170759,-16,1.0
170800,-9 ,1.0
170801,-9 ,1.0
170802,-9 ,1.0
170803,-9 ,1.0
170804,-15,1.0
170805,-9 ,1.0
170806,-11,1.0
170807,-11,1.0
170808,-17,1.0
170809,-12,1.0
170810,-11,1.0
170811,-15,1.0
170812,-12,1.0
170813,-9 ,1.0
170814,-10,1.0
170815,-16,1.0
170816,-15,1.0
170817,-8 ,1.0
170818,-9 ,1.0
170819,-17,1.0
170820,-16,1.0
170821,-16,1.0
170822,-10,1.0
170823,-10,1.0
170824,-15,1.0
170825,-8 ,1.0
170826,-8 ,1.0
170827,-8 ,1.0
170828,-8 ,1.0
170829,-9 ,1.0
170830,-8 ,1.0
170831,-8 ,1.0
170832,-8 ,1.0
170833,-9 ,1.0
170834,-17,1.0
170835,-16,1.0
170836,-8 ,1.0
170837,-9 ,1.0
170838,-16,1.0
170839,-9 ,1.0
170840,-9 ,1.0
170841,-9 ,1.0
170842,-11,1.0
170843,-10,1.0
170844,-11,1.0
170845,-16,1.0
170846,-9 ,1.0
170847,-8 ,1.0
170848,-9 ,1.0
170849,-8 ,1.0
170850,-8 ,1.0
170851,-8 ,1.0
170852,-8 ,1.0
170853,-8 ,1.0
170854,-8 ,1.0
170855,-9 ,1.0
170857,-9 ,1.0
170858,-9 ,1.0
170859,-12,1.0
170900,-16,1.0
170901,-9 ,1.0
170902,-16,1.0
170903,-9 ,1.0
170904,-9 ,1.0
170905,-10,1.0
170906,-11,1.0
170907,-15,1.0
170908,-9 ,1.0
170909,-10,1.0
170910,-10,1.0
170911,-9 ,1.0
170912,-10,1.0
170913,-10,1.0
170914,-17,1.0
170915,-8 ,1.0
170916,-15,1.0
170917,-8 ,1.0
170918,-8 ,1.0
170919,-9 ,1.0
170920,-9 ,1.0
170921,-10,1.0
170922,-8 ,1.0
170923,-8 ,1.0
170924,-9 ,1.0
170925,-8 ,1.0
170926,-7 ,1.0
170927,-8 ,1.0
170928,-8 ,1.0
170929,-8 ,1.0
170930,-9 ,1.0
170931,-8 ,1.0
170932,-9 ,1.0
170933,-8 ,1.0
170934,-8 ,1.0
170935,-8 ,1.0
170936,-8 ,1.0
170937,-16,1.0
170938,-10,1.0
170939,-10,1.0
170940,-9 ,1.0
170941,-15,1.0
170942,-15,1.0
170943,-8 ,1.0
170944,-9 ,1.0
170945,-10,1.0
170946,-16,1.0
170947,-15,1.0
170948,-9 ,1.0
170949,-11,1.0
170950,-16,1.0
170951,-10,1.0
170953,-9 ,1.0
170954,-9 ,1.0
170955,-15,1.0
170956,-8 ,1.0
170957,-8 ,1.0
170958,-15,1.0
170959,-9 ,1.0
171000,-8 ,1.0
171001,-15,1.0
171002,-11,1.0
171003,-8 ,1.0
171004,-9 ,1.0
171005,-17,1.0
171006,-10,1.0
171007,-10,1.0
171008,-15,1.0
171009,-8 ,1.0
171010,-8 ,1.0
171011,-16,1.0
171012,-9 ,1.0
171013,-10,1.0
171014,-10,1.0
171015,-16,1.0
171016,-10,1.0
171017,-10,1.0
171018,-9 ,1.0
171019,-9 ,1.0
171020,-10,1.0
171021,-10,1.0
171022,-9 ,1.0
171023,-8 ,1.0
171024,-8 ,1.0
171025,-9 ,1.0
171026,-9 ,1.0
171027,-8 ,1.0
171028,-9 ,1.0
171029,-8 ,1.0
171030,-8 ,1.0
171031,-8 ,1.0
171032,-14,1.0
171033,-7 ,1.0
171034,-8 ,1.0
171035,-10,1.0
171036,-10,1.0
171037,-15,1.0
171038,-8 ,1.0
171039,-15,1.0
171040,-9 ,1.0
171041,-9 ,1.0
171042,-8 ,1.0
171043,-8 ,1.0
171044,-8 ,1.0
171045,-13,1.0
171046,-8 ,1.0
171047,-7 ,1.0
171048,-7 ,1.0
171049,-8 ,1.0
171050,-9 ,1.0
171051,-13,1.0
171053,-7 ,1.0
171054,-7 ,1.0
171055,-7 ,1.0
171056,-10,1.0
171057,-14,1.0
171058,-9 ,1.0
171059,-9 ,1.0
171100,-15,1.0
171101,-14,1.0
171102,-9 ,1.0
171103,-8 ,1.0
171104,-8 ,1.0
171105,-8 ,1.0
171106,-7 ,1.0
171107,-14,1.0
171108,-7 ,1.0
171109,-8 ,1.0
171110,-10,1.0
171111,-8 ,1.0
171112,-7 ,1.0
171113,-7 ,1.0
171114,-14,1.0
171115,-7 ,1.0
171116,-7 ,1.0
171117,-7 ,1.0
171118,-14,1.0
171119,-7 ,1.0
171120,-14,1.0
171121,-7 ,1.0
171122,-17,1.0
171123,-10,1.0
171124,-9 ,1.0
171125,-9 ,1.0
171126,-9 ,1.0
171127,-16,1.0
171128,-8 ,1.0
171129,-9 ,1.0
171130,-8 ,1.0
171131,-8 ,1.0
171132,-10,1.0
171133,-8 ,1.0
171134,-8 ,1.0
171135,-8 ,1.0
171136,-13,1.0
171137,-14,1.0
171138,-8 ,1.0
171139,-8 ,1.0
171140,-10,1.0
171141,-8 ,1.0
171142,-7 ,1.0
171143,-9 ,1.0
171144,-8 ,1.0
171145,-7 ,1.0
171146,-7 ,1.0
171147,-9 ,1.0
171148,-8 ,1.0
171149,-7 ,1.0
171151,-8 ,1.0
171152,-8 ,1.0
171153,-8 ,1.0
171154,-9 ,1.0
171155,-8 ,1.0
171156,-15,1.0
171157,-9 ,1.0
171158,-6 ,1.0
171159,-6 ,1.0
171200,-9 ,1.0
171201,-15,1.0
171202,-14,1.0
171203,-14,1.0
171204,-7 ,1.0
171205,-8 ,1.0
171206,-8 ,1.0
171207,-15,1.0
171208,-9 ,1.0
171209,-6 ,1.0
171210,-9 ,1.0
171211,-9 ,1.0
171212,-9 ,1.0
171213,-15,1.0
171214,-8 ,1.0
171215,-8 ,1.0
171216,-8 ,1.0
171217,-14,1.0
171218,-8 ,1.0
171219,-9 ,1.0
171220,-9 ,1.0
171221,-9 ,1.0
171222,-15,1.0
171223,-8 ,1.0
171224,-9 ,1.0
171225,-8 ,1.0
171226,-9 ,1.0
171227,-9 ,1.0
171228,-8 ,1.0
171229,-8 ,1.0
171230,-8 ,1.0
171231,-9 ,1.0
171232,-8 ,1.0
171233,-9 ,1.0
171234,-9 ,1.0
171235,-7 ,1.0
171236,-7 ,1.0
171237,-9 ,1.0
171238,-16,1.0
171239,-8 ,1.0
171240,-8 ,1.0
171241,-13,1.0
171242,-14,1.0
171243,-9 ,1.0
171244,-9 ,1.0
171245,-8 ,1.0
171246,-8 ,1.0
171247,-13,1.0
171248,-13,1.0
171249,-9 ,1.0
171251,-8 ,1.0
171252,-8 ,1.0
171253,-15,1.0
171254,-8 ,1.0
171255,-8 ,1.0
171256,-8 ,1.0
171257,-15,1.0
171258,-15,1.0
171259,-13,1.0
171300,-9 ,1.0
171301,-13,1.0
171302,-8 ,1.0
171303,-9 ,1.0
171304,-9 ,1.0
171305,-2 ,1.0
171306,-9 ,1.0
171307,-16,1.0
171308,-16,1.0
171309,-14,1.0
171310,-10,1.0
171311,-10,1.0
171312,-23,1.0
171313,-10,1.0
171314,-8 ,1.0
171315,-11,1.0
171316,-11,1.0
171317,-11,1.0
171318,-9 ,1.0
171319,-17,1.0
171320,-10,1.0
171321,-10,1.0
171322,-10,1.0
171323,-15,1.0
171324,-8 ,1.0
171325,-11,1.0
171326,-10,1.0
171327,-10,1.0
171328,-11,1.0
171329,-10,1.0
171330,-15,1.0
171331,-13,1.0
171332,-16,1.0
171333,-10,1.0
171334,-10,1.0
171335,-11,1.0
171336,-10,1.0
171337,-9 ,1.0
171338,-9 ,1.0
171339,-10,1.0
171340,-9 ,1.0
171341,-9 ,1.0
171342,-10,1.0
171343,-11,1.0
171344,-9 ,1.0
171345,-11,1.0
171346,-10,1.0
171347,-11,1.0
171348,-16,1.0
171350,-9 ,1.0
171351,-9 ,1.0
171352,-16,1.0
171353,-21,1.0
171354,-10,1.0
171355,-17,1.0
171356,-11,1.0
171357,-9 ,1.0
171358,-10,1.0
171359,-10,1.0
171400,-9 ,1.0
171401,-9 ,1.0
171402,-17,1.0
171403,-16,1.0
171404,-15,1.0
171405,-9 ,1.0
171406,-11,1.0
171407,-16,1.0
171408,-9 ,1.0
171409,-16,1.0
171410,-7 ,1.0
171411,-9 ,1.0
171412,-15,1.0
171413,-15,1.0
171414,-10,1.0
171415,-9 ,1.0
171416,-9 ,1.0
171417,-9 ,1.0
171418,-9 ,1.0
171419,-8 ,1.0
171420,-8 ,1.0
171421,-7 ,1.0
171422,-9 ,1.0
171423,-11,1.0
171424,-17,1.0
171425,-9 ,1.0
171426,-9 ,1.0
171427,-9 ,1.0
171428,-9 ,1.0
171429,-9 ,1.0
171430,-9 ,1.0
171431,-9 ,1.0
171432,-10,1.0
171433,-9 ,1.0
171434,-9 ,1.0
171435,-9 ,1.0
171436,-9 ,1.0
171437,-10,1.0
171438,-9 ,1.0
171439,-10,1.0
171440,-8 ,1.0
171441,-8 ,1.0
171442,-9 ,1.0
171444,-11,1.0
171445,-17,1.0
171446,-9 ,1.0
171447,-9 ,1.0
171448,-15,1.0
171449,-15,1.0
171450,-12,1.0
171451,-8 ,1.0
171452,-10,1.0
171453,-9 ,1.0
171454,-8 ,1.0
171455,-9 ,1.0
171456,-9 ,1.0
171457,-9 ,1.0
171458,-15,1.0
171459,-9 ,1.0
171500,-7 ,1.0
171501,-8 ,1.0
171502,-8 ,1.0
171503,-14,1.0
171504,-9 ,1.0
171505,-2 ,1.0
171506,-8 ,1.0
171507,-8 ,1.0
171508,-7 ,1.0
171509,-7 ,1.0
171510,-8 ,1.0
171511,-9 ,1.0
171512,-8 ,1.0
171513,-9 ,1.0
171514,-10,1.0
171515,-15,1.0
171516,-11,1.0
171517,-9 ,1.0
171518,-8 ,1.0
171519,-9 ,1.0
171520,-6 ,1.0
171521,-8 ,1.0
171522,-7 ,1.0
171523,-8 ,1.0
171524,-7 ,1.0
171525,-8 ,1.0
171526,-8 ,1.0
171527,-7 ,1.0
171528,-7 ,1.0
171529,-8 ,1.0
171530,-8 ,1.0
171531,-7 ,1.0
171532,-7 ,1.0
171533,-8 ,1.0
171534,-14,1.0
171535,-12,1.0
171536,-8 ,1.0
171537,-13,1.0
171538,-11,1.0
171539,-9 ,1.0
171540,-9 ,1.0
171541,-9 ,1.0
171542,-12,1.0
171544,-9 ,1.0
171545,-8 ,1.0
171546,-9 ,1.0
171547,-9 ,1.0
171548,-15,1.0
171549,-16,1.0
171550,-15,1.0
171551,-8 ,1.0
171552,-8 ,1.0
171553,-14,1.0
171554,-15,1.0
171555,-15,1.0
171556,-10,1.0
171557,-8 ,1.0
171558,-10,1.0
171559,-10,1.0
171600,-10,1.0
171601,-8 ,1.0
171602,-3 ,1.0
171603,-14,1.0
171604,-15,1.0
171605,-15,1.0
171606,-16,1.0
171607,-8 ,1.0
171608,-7 ,1.0
171609,-8 ,1.0
171610,-15,1.0
171611,-8 ,1.0
171612,-8 ,1.0
171613,-14,1.0
171614,-8 ,1.0
171615,-9 ,1.0
171616,-10,1.0
171617,-9 ,1.0
171618,-15,1.0
171619,-15,1.0
171620,-10,1.0
171621,-9 ,1.0
171622,-8 ,1.0
171623,-14,1.0
171624,-8 ,1.0
171625,-7 ,1.0
171626,-7 ,1.0
171627,-8 ,1.0
171628,-7 ,1.0
171629,-8 ,1.0
171630,-8 ,1.0
171631,-8 ,1.0
171632,-11,1.0
171633,-7 ,1.0
171634,-7 ,1.0
171635,-8 ,1.0
171636,-10,1.0
171637,-7 ,1.0
171638,-7 ,1.0
171639,-11,1.0
171640,-8 ,1.0
171641,-6 ,1.0
171643,-14,1.0
171644,-7 ,1.0
171645,-8 ,1.0
171646,-8 ,1.0
171647,-7 ,1.0
171648,-7 ,1.0
171649,-9 ,1.0
171650,-8 ,1.0
171651,-13,1.0
171652,-7 ,1.0
171653,-7 ,1.0
171654,-8 ,1.0
171655,-7 ,1.0
171656,-15,1.0
171657,-8 ,1.0
171658,-15,1.0
171659,-7 ,1.0
171700,-6 ,1.0
171701,-7 ,1.0
171702,-8 ,1.0
171703,-7 ,1.0
171704,-7 ,1.0
171705,-20,1.0
171706,-7 ,1.0
171707,-7 ,1.0
171708,-7 ,1.0
171709,-13,1.0
171710,-7 ,1.0
171711,-7 ,1.0
171712,-8 ,1.0
171713,-7 ,1.0
171714,-14,1.0
171715,-7 ,1.0
171716,-8 ,1.0
171717,-8 ,1.0
171718,-7 ,1.0
171719,-9 ,1.0
171720,-11,1.0
171721,-16,1.0
171722,-10,1.0
171723,-10,1.0
171724,-8 ,1.0
171725,-8 ,1.0
171726,-12,1.0
171727,-9 ,1.0
171728,-16,1.0
171729,-9 ,1.0
171730,-12,1.0
171731,-9 ,1.0
171732,-9 ,1.0
171733,-8 ,1.0
171734,-8 ,1.0
171735,-8 ,1.0
171736,-10,1.0
171737,-8 ,1.0
171738,-8 ,1.0
171739,-12,1.0
171741,-8 ,1.0
171742,-9 ,1.0
171743,-10,1.0
171744,-8 ,1.0
171745,-8 ,1.0
171746,-11,1.0
171747,-9 ,1.0
171748,-9 ,1.0
171749,-11,1.0
171750,-9 ,1.0
171751,-16,1.0
171752,-9 ,1.0
171753,-10,1.0
171754,-17,1.0
171755,-14,1.0
171756,-11,1.0
171757,-9 ,1.0
171758,-8 ,1.0
171759,-15,1.0
171800,-14,1.0
171801,-9 ,1.0
171802,-7 ,1.0
171803,-7 ,1.0
171804,-10,1.0
171805,-15,1.0
171806,-9 ,1.0
171807,-9 ,1.0
171808,-8 ,1.0
171809,-14,1.0
171810,-7 ,1.0
171811,-8 ,1.0
171812,-7 ,1.0
171813,-7 ,1.0
171814,-15,1.0
171815,-8 ,1.0
171816,-8 ,1.0
171817,-8 ,1.0
171818,-8 ,1.0
171819,-16,1.0
171820,-7 ,1.0
171821,-11,1.0
171822,-8 ,1.0
171823,-11,1.0
171824,-9 ,1.0
171825,-16,1.0
171826,-9 ,1.0
171827,-8 ,1.0
171828,-8 ,1.0
171829,-9 ,1.0
171830,-8 ,1.0
171831,-8 ,1.0
171832,-9 ,1.0
171833,-9 ,1.0
171834,-9 ,1.0
171835,-12,1.0
171836,-9 ,1.0
171837,-9 ,1.0
171839,-9 ,1.0
171840,-11,1.0
171841,-9 ,1.0
171842,-2 ,1.0
171843,-8 ,1.0
171844,-10,1.0
171845,-8 ,1.0
171846,-15,1.0
171847,-8 ,1.0
171848,-9 ,1.0
171849,-9 ,1.0
171850,-8 ,1.0
171851,-9 ,1.0
171852,-8 ,1.0
171853,-8 ,1.0
171854,-7 ,1.0
171855,-15,1.0
171856,-15,1.0
171857,-7 ,1.0
171858,-7 ,1.0
171859,-8 ,1.0
171900,-14,1.0
171901,-7 ,1.0
171902,-9 ,1.0
171903,-7 ,1.0
171904,-9 ,1.0
171905,-3 ,1.0
171906,-8 ,1.0
171907,-10,1.0
171908,-11,1.0
171909,-10,1.0
171910,-15,1.0
171911,-11,1.0
171912,-10,1.0
171913,-10,1.0
171914,-10,1.0
171915,-8 ,1.0
171916,-4 ,1.0
171917,-9 ,1.0
171918,-9 ,1.0
171919,-9 ,1.0
171920,-16,1.0
171921,-9 ,1.0
171922,-10,1.0
171923,-9 ,1.0
171924,-10,1.0
171925,-9 ,1.0
171926,-18,1.0
171927,-9 ,1.0
171928,-9 ,1.0
171929,-9 ,1.0
171930,-10,1.0
171931,-9 ,1.0
171932,-9 ,1.0
171933,-9 ,1.0
171934,-10,1.0
171935,-10,1.0
171937,-16,1.0
171938,-8 ,1.0
171939,-9 ,1.0
171940,-8 ,1.0
171941,-9 ,1.0
171942,-12,1.0
171943,-8 ,1.0
171944,-7 ,1.0
171945,-9 ,1.0
171946,-9 ,1.0
171947,-9 ,1.0
171948,-11,1.0
171949,-10,1.0
171950,-7 ,1.0
171951,-9 ,1.0
171952,-9 ,1.0
171953,-8 ,1.0
171954,-9 ,1.0
171955,-8 ,1.0
171956,-15,1.0
171957,-8 ,1.0
171958,-9 ,1.0
171959,-8 ,1.0
172000,-7 ,1.0
172001,-7 ,1.0
172002,-7 ,1.0
172003,-9 ,1.0
172004,-8 ,1.0
172005,-8 ,1.0
172006,-8 ,1.0
172007,-9 ,1.0
172008,-8 ,1.0
172009,-14,1.0
172010,-9 ,1.0
172011,-15,1.0
172012,-9 ,1.0
172013,-8 ,1.0
172014,-9 ,1.0
172015,-9 ,1.0
172016,-9 ,1.0
172017,-8 ,1.0
172018,-9 ,1.0
172019,-15,1.0
172020,-8 ,1.0
172021,-9 ,1.0
172022,-12,1.0
172023,-8 ,1.0
172024,-9 ,1.0
172025,-10,1.0
172026,-9 ,1.0
172027,-9 ,1.0
172028,-10,1.0
172029,-9 ,1.0
172030,-10,1.0
172031,-8 ,1.0
172032,-8 ,1.0
172033,-9 ,1.0
172035,-8 ,1.0
172036,-16,1.0
172037,-9 ,1.0
172038,-15,1.0
172039,-8 ,1.0
172040,-8 ,1.0
172041,-8 ,1.0
172042,-9 ,1.0
172043,-7 ,1.0
172044,-7 ,1.0
172045,-9 ,1.0
172046,-9 ,1.0
172047,-9 ,1.0
172048,-10,1.0
172049,-9 ,1.0
172050,-9 ,1.0
172051,-9 ,1.0
172052,-8 ,1.0
172053,-7 ,1.0
172054,-7 ,1.0
172055,-8 ,1.0
172056,-8 ,1.0
172057,-8 ,1.0
172058,-8 ,1.0
172059,-8 ,1.0
172100,-11,1.0
172101,-9 ,1.0
172102,-8 ,1.0
172103,-9 ,1.0
172104,-8 ,1.0
172105,-5 ,1.0
172106,-7 ,1.0
172107,-8 ,1.0
172108,-8 ,1.0
172109,-14,1.0
172110,-9 ,1.0
172111,-9 ,1.0
172112,-9 ,1.0
172113,-8 ,1.0
172114,-9 ,1.0
172115,-15,1.0
172116,-15,1.0
172117,-10,1.0
172118,-10,1.0
172119,-8 ,1.0
172120,-7 ,1.0
172121,-8 ,1.0
172122,-9 ,1.0
172123,-8 ,1.0
172124,-9 ,1.0
172125,-8 ,1.0
172126,-8 ,1.0
172127,-8 ,1.0
172128,-7 ,1.0
172129,-14,1.0
172130,-7 ,1.0
172131,-17,1.0
172132,-8 ,1.0
172133,-9 ,1.0
172134,-9 ,1.0
172136,-16,1.0
172137,-10,1.0
172138,-9 ,1.0
172139,-10,1.0
172140,-8 ,1.0
172141,-8 ,1.0
172142,-13,1.0
172143,-15,1.0
172144,-8 ,1.0
172145,-9 ,1.0
172146,-8 ,1.0
172147,-8 ,1.0
172148,-9 ,1.0
172149,-14,1.0
172150,-8 ,1.0
172151,-8 ,1.0
172152,-7 ,1.0
172153,-8 ,1.0
172154,-8 ,1.0
172155,-8 ,1.0
172156,-14,1.0
172157,-8 ,1.0
172158,-14,1.0
172159,-8 ,1.0
172200,-8 ,1.0
172201,-7 ,1.0
172202,-14,1.0
172203,-8 ,1.0
172204,-8 ,1.0
172205,-8 ,1.0
172206,-7 ,1.0
172207,-9 ,1.0
172208,-7 ,1.0
172209,-7 ,1.0
172210,-7 ,1.0
172211,-7 ,1.0
172212,-7 ,1.0
172213,-15,1.0
172214,-7 ,1.0
172215,-7 ,1.0
172216,-8 ,1.0
172217,-7 ,1.0
172218,-8 ,1.0
172219,-7 ,1.0
172220,-7 ,1.0
172221,-7 ,1.0
172222,-7 ,1.0
172223,-7 ,1.0
172224,-6 ,1.0
172225,-9 ,1.0
172226,-9 ,1.0
172227,-31,1.0
172228,-7 ,1.0
172229,-7 ,1.0
172230,-8 ,1.0
172231,-7 ,1.0
172232,-7 ,1.0
172234,-7 ,1.0
172235,-7 ,1.0
172236,-7 ,1.0
172237,-7 ,1.0
172238,-15,1.0
172239,-7 ,1.0
172240,-14,1.0
172241,-6 ,1.0
172242,-15,1.0
172243,-16,1.0
172244,-14,1.0
172245,-7 ,1.0
172246,-8 ,1.0
172247,-14,1.0
172248,-14,1.0
172249,-14,1.0
172250,-8 ,1.0
172251,-8 ,1.0
172252,-14,1.0
172253,-9 ,1.0
172254,-7 ,1.0
172255,-7 ,1.0
172256,-8 ,1.0
172257,-13,1.0
172258,-14,1.0
172259,-14,1.0
172300,-9 ,1.0
172301,-7 ,1.0
172302,-14,1.0
172303,-7 ,1.0
172304,-8 ,1.0
172305,-5 ,1.0
172306,-7 ,1.0
172307,-13,1.0
172308,-7 ,1.0
172309,-6 ,1.0
172310,-9 ,1.0
172311,-9 ,1.0
172312,-8 ,1.0
172313,-7 ,1.0
172314,-7 ,1.0
172315,-7 ,1.0
172316,-7 ,1.0
172317,-15,1.0
172318,-13,1.0
172319,-16,1.0
172320,-11,1.0
172321,-11,1.0
172322,-10,1.0
172323,-10,1.0
172324,-10,1.0
172325,-8 ,1.0
172326,-9 ,1.0
172327,-10,1.0
172328,-13,1.0
172329,-9 ,1.0
172330,-8 ,1.0
172332,-16,1.0
172333,-9 ,1.0
172334,-10,1.0
172335,-12,1.0
172336,-12,1.0
172337,-12,1.0
172338,-6 ,1.0
172339,-8 ,1.0
172340,-15,1.0
172341,-15,1.0
172342,-8 ,1.0
172343,-10,1.0
172344,-14,1.0
172345,-7 ,1.0
172346,-7 ,1.0
172347,-8 ,1.0
172348,-7 ,1.0
172349,-7 ,1.0
172350,-7 ,1.0
172351,-7 ,1.0
172352,-8 ,1.0
172353,-9 ,1.0
172354,-17,1.0
172355,-8 ,1.0
172356,-11,1.0
172357,-7 ,1.0
172358,-8 ,1.0
172359,-8 ,1.0
172400,-7 ,1.0
172401,-7 ,1.0
172402,-14,1.0
172403,-10,1.0
172404,-7 ,1.0
172405,-6 ,1.0
172406,-15,1.0
172407,-13,1.0
172408,-7 ,1.0
172409,-10,1.0
172410,-9 ,1.0
172411,-7 ,1.0
172412,-8 ,1.0
172413,-19,1.0
172414,-9 ,1.0
172415,-8 ,1.0
172416,-7 ,1.0
172417,-6 ,1.0
172418,-7 ,1.0
172419,-14,1.0
172420,-8 ,1.0
172421,-12,1.0
172422,-10,1.0
172423,-16,1.0
172424,-8 ,1.0
172425,-15,1.0
172426,-7 ,1.0
172427,-9 ,1.0
172428,-8 ,1.0
172429,-8 ,1.0
172430,-8 ,1.0
172431,-7 ,1.0
172433,-7 ,1.0
172434,-10,1.0
172435,-10,1.0
172436,-10,1.0
172437,-15,1.0
172438,-13,1.0
172439,-6 ,1.0
172440,-14,1.0
172441,-10,1.0
172442,-9 ,1.0
172443,-10,1.0
172444,-13,1.0
172445,-15,1.0
172446,-9 ,1.0
172447,-7 ,1.0
172448,-8 ,1.0
172449,-16,1.0
172450,-16,1.0
172451,-10,1.0
172452,-15,1.0
172453,-15,1.0
172454,-9 ,1.0
172455,-16,1.0
172456,-9 ,1.0
172457,-7 ,1.0
172458,-15,1.0
172459,-14,1.0
172500,-14,1.0
172501,-7 ,1.0
172502,-10,1.0
172503,-9 ,1.0
172504,-8 ,1.0
172505,-40,1.0
172506,-16,1.0
172507,-9 ,1.0
172508,-16,1.0
172509,-9 ,1.0
172510,-9 ,1.0
172511,-10,1.0
172512,-9 ,1.0
172513,-9 ,1.0
172514,-9 ,1.0
172515,-16,1.0
172516,-9 ,1.0
172517,-9 ,1.0
172518,-11,1.0
172519,-16,1.0
172520,-9 ,1.0
172521,-11,1.0
172522,-7 ,1.0
172523,-16,1.0
172524,-8 ,1.0
172525,-10,1.0
172526,-25,1.0
172527,-10,1.0
172529,-15,1.0
172530,-12,1.0
172531,-9 ,1.0
172532,-10,1.0
172533,-11,1.0
172534,-16,1.0
172535,-10,1.0
172536,-8 ,1.0
172537,-8 ,1.0
172538,-10,1.0
172539,-9 ,1.0
172540,-9 ,1.0
172541,-8 ,1.0
172542,-9 ,1.0
172543,-16,1.0
172544,-8 ,1.0
172545,-9 ,1.0
172546,-9 ,1.0
172547,-10,1.0
172548,-10,1.0
172549,-10,1.0
172550,-11,1.0
172551,-8 ,1.0
172552,-8 ,1.0
172553,-16,1.0
172554,-9 ,1.0
172555,-9 ,1.0
172556,-10,1.0
172557,-2 ,1.0
172558,-8 ,1.0
172559,-9 ,1.0
172600,-15,1.0
172601,-17,1.0
172602,-9 ,1.0
172603,-10,1.0
172604,-9 ,1.0
172605,-10,1.0
172606,-9 ,1.0
172607,-11,1.0
172608,-17,1.0
172609,-8 ,1.0
172610,-15,1.0
172611,-9 ,1.0
172612,-8 ,1.0
172613,-9 ,1.0
172614,-10,1.0
172615,-9 ,1.0
172616,-16,1.0
172617,-10,1.0
172618,-10,1.0
172619,-15,1.0
172620,-10,1.0
172621,-10,1.0
172622,-12,1.0
172623,-10,1.0
172624,-9 ,1.0
172625,-16,1.0
172627,-10,1.0
172628,-10,1.0
172629,-7 ,1.0
172630,-11,1.0
172631,-7 ,1.0
172632,-9 ,1.0
172633,-9 ,1.0
172634,-16,1.0
172635,-15,1.0
172636,-11,1.0
172637,-10,1.0
172638,-16,1.0
172639,-10,1.0
172640,-15,1.0
172641,-9 ,1.0
172642,-9 ,1.0
172643,-9 ,1.0
172644,-12,1.0
172645,-9 ,1.0
172646,-9 ,1.0
172647,-16,1.0
172648,-10,1.0
172649,-8 ,1.0
172650,-16,1.0
172651,-15,1.0
172652,-11,1.0
172653,-9 ,1.0
172654,-10,1.0
172655,-9 ,1.0
172656,-29,1.0
172657,-9 ,1.0
172658,-15,1.0
172659,-9 ,1.0
172700,-9 ,1.0
172701,-9 ,1.0
172702,-9 ,1.0
172703,-7 ,1.0
172704,-8 ,1.0
172705,-5 ,1.0
172706,-7 ,1.0
172707,-9 ,1.0
172708,-9 ,1.0
172709,-9 ,1.0
172710,-7 ,1.0
172711,-9 ,1.0
172712,-11,1.0
172713,-11,1.0
172714,-11,1.0
172715,-9 ,1.0
172716,-12,1.0
172717,-10,1.0
172718,-21,1.0
172719,-8 ,1.0
172720,-15,1.0
172721,-10,1.0
172722,-10,1.0
172723,-17,1.0
172724,-9 ,1.0
172725,-16,1.0
172726,-10,1.0
172728,-9 ,1.0
172729,-8 ,1.0
172730,-15,1.0
172731,-16,1.0
172732,-9 ,1.0
172733,-10,1.0
172734,-8 ,1.0
172735,-10,1.0
172736,-9 ,1.0
172737,-8 ,1.0
172738,-10,1.0
172739,-10,1.0
172740,-8 ,1.0
172741,-10,1.0
172742,-8 ,1.0
172743,-7 ,1.0
172744,-7 ,1.0
172745,-10,1.0
172746,-14,1.0
172747,-8 ,1.0
172748,-9 ,1.0
172749,-12,1.0
172750,-12,1.0
172751,-9 ,1.0
172752,-10,1.0
172753,-9 ,1.0
172754,-7 ,1.0
172755,-9 ,1.0
172756,-9 ,1.0
172757,-11,1.0
172758,-9 ,1.0
172759,-16,1.0
172800,-10,1.0
172801,-7 ,1.0
172802,-9 ,1.0
172803,-10,1.0
172804,-9 ,1.0
172805,-11,1.0
172806,-13,1.0
172807,-10,1.0
172808,-1 ,1.0
172809,-7 ,1.0
172810,-8 ,1.0
172811,-7 ,1.0
172812,-7 ,1.0
172813,-9 ,1.0
172814,-16,1.0
172815,-8 ,1.0
172816,-8 ,1.0
172817,-11,1.0
172818,-7 ,1.0
172819,-12,1.0
172820,-11,1.0
172821,-10,1.0
172822,-7 ,1.0
172823,-9 ,1.0
172825,-9 ,1.0
172826,-8 ,1.0
172827,-8 ,1.0
172828,-9 ,1.0
172829,-7 ,1.0
172830,-16,1.0
172831,-16,1.0
172832,-10,1.0
172833,-8 ,1.0
172834,-16,1.0
172835,-10,1.0
172836,-8 ,1.0
172837,-15,1.0
172838,-9 ,1.0
172839,-9 ,1.0
172840,-16,1.0
172841,-10,1.0
172842,-9 ,1.0
172843,-9 ,1.0
172844,-8 ,1.0
172845,-8 ,1.0
172846,-8 ,1.0
172847,-12,1.0
172848,-10,1.0
172849,-10,1.0
172850,-15,1.0
172851,-15,1.0
172852,-11,1.0
172853,-9 ,1.0
172854,-9 ,1.0
172855,-9 ,1.0
172856,-12,1.0
172857,-9 ,1.0
172858,-11,1.0
172859,-10,1.0
172900,-16,1.0
172901,-10,1.0
172902,-8 ,1.0
172903,-9 ,1.0
172904,-7 ,1.0
172905,-10,1.0
172906,-9 ,1.0
172907,-11,1.0
172908,-9 ,1.0
172909,-16,1.0
172910,-7 ,1.0
172911,-7 ,1.0
172912,-16,1.0
172913,-8 ,1.0
172914,-10,1.0
172915,-7 ,1.0
172916,-9 ,1.0
172917,-17,1.0
172918,-10,1.0
172919,-9 ,1.0
172920,-10,1.0
172921,-14,1.0
172922,-8 ,1.0
172924,-9 ,1.0
172925,-13,1.0
172926,-15,1.0
172927,-8 ,1.0
172928,-8 ,1.0
172929,-7 ,1.0
172930,-8 ,1.0
172931,-15,1.0
172932,-17,1.0
172933,-36,1.0
172934,-8 ,1.0
172935,-10,1.0
172936,-15,1.0
172937,-14,1.0
172938,-8 ,1.0
172939,-10,1.0
172940,-9 ,1.0
172941,-10,1.0
172942,-15,1.0
172943,-9 ,1.0
172944,-16,1.0
172945,-10,1.0
172946,-14,1.0
172947,-16,1.0
172948,-17,1.0
172949,-9 ,1.0
172950,-10,1.0
172951,-10,1.0
172952,-9 ,1.0
172953,-8 ,1.0
172954,-16,1.0
172955,-16,1.0
172956,-15,1.0
172957,-8 ,1.0
172958,-9 ,1.0
172959,-8 ,1.0
173000,-11,1.0
173001,-15,1.0
173002,-13,1.0
173003,-9 ,1.0
173004,-9 ,1.0
173005,-8 ,1.0
173006,-16,1.0
173007,-9 ,1.0
173008,-9 ,1.0
173009,-8 ,1.0
173010,-10,1.0
173011,-8 ,1.0
173012,-16,1.0
173013,-9 ,1.0
173014,-8 ,1.0
173015,-9 ,1.0
173016,-7 ,1.0
173017,-9 ,1.0
173018,-8 ,1.0
173019,-8 ,1.0
173020,-15,1.0
173021,-8 ,1.0
173022,-7 ,1.0
173023,-7 ,1.0
173024,-15,1.0
173026,-7 ,1.0
173027,-8 ,1.0
173028,-7 ,1.0
173029,-6 ,1.0
173030,-7 ,1.0
173031,-7 ,1.0
173032,-10,1.0
173033,-10,1.0
173034,-8 ,1.0
173035,-7 ,1.0
173036,-6 ,1.0
173037,-16,1.0
173038,-9 ,1.0
173039,-12,1.0
173040,-10,1.0
173041,-14,1.0
173042,-9 ,1.0
173043,-9 ,1.0
173044,-9 ,1.0
173045,-17,1.0
173046,-16,1.0
173047,-9 ,1.0
173048,-17,1.0
173049,-16,1.0
173050,-16,1.0
173051,-15,1.0
173052,-9 ,1.0
173053,-9 ,1.0
173054,-9 ,1.0
173055,-15,1.0
173056,-14,1.0
173057,-11,1.0
173058,-11,1.0
173059,-17,1.0
173100,-10,1.0
173101,-15,1.0
173102,-11,1.0
173103,-10,1.0
173104,-9 ,1.0
173105,-2 ,1.0
173106,-7 ,1.0
173107,-8 ,1.0
173108,-14,1.0
173109,-8 ,1.0
173110,-7 ,1.0
173111,-14,1.0
173112,-7 ,1.0
173113,-9 ,1.0
173114,-10,1.0
173115,-7 ,1.0
173116,-8 ,1.0
173117,-9 ,1.0
173118,-8 ,1.0
173119,-8 ,1.0
173120,-8 ,1.0
173121,-7 ,1.0
173122,-7 ,1.0
173123,-7 ,1.0
173124,-7 ,1.0
173125,-7 ,1.0
173126,-7 ,1.0
173128,-8 ,1.0
173129,-13,1.0
173130,-14,1.0
173131,-14,1.0
173132,-8 ,1.0
173133,-9 ,1.0
173134,-8 ,1.0
173135,-8 ,1.0
173136,-14,1.0
173137,-10,1.0
173138,-6 ,1.0
173139,-7 ,1.0
173140,-7 ,1.0
173141,-14,1.0
173142,-9 ,1.0
173143,-9 ,1.0
173144,-8 ,1.0
173145,-7 ,1.0
173146,-10,1.0
173147,-9 ,1.0
173148,-9 ,1.0
173149,-8 ,1.0
173150,-9 ,1.0
173151,-14,1.0
173152,-7 ,1.0
173153,-8 ,1.0
173154,-8 ,1.0
173155,-11,1.0
173156,-10,1.0
173157,-10,1.0
173158,-9 ,1.0
173159,-9 ,1.0
173200,-7 ,1.0
173201,-8 ,1.0
173202,-8 ,1.0
173203,-16,1.0
173204,-8 ,1.0
173205,-7 ,1.0
173206,-10,1.0
173207,-15,1.0
173208,-8 ,1.0
173209,-7 ,1.0
173210,-16,1.0
173211,-9 ,1.0
173212,-8 ,1.0
173213,-8 ,1.0
173214,-9 ,1.0
173215,-8 ,1.0
173216,-9 ,1.0
173217,-9 ,1.0
173218,-10,1.0
173219,-9 ,1.0
173220,-7 ,1.0
173221,-7 ,1.0
173223,-8 ,1.0
173224,-15,1.0
173225,-7 ,1.0
173226,-7 ,1.0
173227,-9 ,1.0
173228,-16,1.0
173229,-10,1.0
173230,-7 ,1.0
173231,-7 ,1.0
173232,-10,1.0
173233,-9 ,1.0
173234,-9 ,1.0
173235,-16,1.0
173236,-8 ,1.0
173237,-8 ,1.0
173238,-8 ,1.0
173239,-9 ,1.0
173240,-10,1.0
173241,-14,1.0
173242,-15,1.0
173243,-8 ,1.0
173244,-7 ,1.0
173245,-15,1.0
173246,-8 ,1.0
173247,-8 ,1.0
173248,-7 ,1.0
173249,-15,1.0
173250,-8 ,1.0
173251,-9 ,1.0
173252,-11,1.0
173253,-7 ,1.0
173254,-15,1.0
173255,-8 ,1.0
173256,-9 ,1.0
173257,-10,1.0
173258,-8 ,1.0
173259,-22,1.0
173300,-6 ,1.0
173301,-8 ,1.0
173302,-8 ,1.0
173303,-16,1.0
173304,-7 ,1.0
173305,-9 ,1.0
173306,-9 ,1.0
173307,-9 ,1.0
173308,-10,1.0
173309,-9 ,1.0
173310,-9 ,1.0
173311,-7 ,1.0
173312,-7 ,1.0
173313,-14,1.0
173314,-5 ,1.0
173315,-8 ,1.0
173316,-9 ,1.0
173317,-10,1.0
173318,-9 ,1.0
173319,-10,1.0
173321,-8 ,1.0
173322,-15,1.0
173323,-14,1.0
173324,-7 ,1.0
173325,-9 ,1.0
173326,-15,1.0
173327,-9 ,1.0
173328,-8 ,1.0
173329,-9 ,1.0
173330,-9 ,1.0
173331,-9 ,1.0
173332,-9 ,1.0
173333,-9 ,1.0
173334,-9 ,1.0
173335,-15,1.0
173336,-9 ,1.0
173337,-9 ,1.0
173338,-9 ,1.0
173339,-7 ,1.0
173340,-8 ,1.0
173341,-9 ,1.0
173342,-10,1.0
173343,-9 ,1.0
173344,-9 ,1.0
173345,-7 ,1.0
173346,-14,1.0
173347,-10,1.0
173348,-9 ,1.0
173349,-8 ,1.0
173350,-8 ,1.0
173351,-27,1.0
173352,-11,1.0
173353,-2 ,1.0
173354,-10,1.0
173355,-10,1.0
173356,-9 ,1.0
173357,-16,1.0
173358,-7 ,1.0
173359,-9 ,1.0
173400,-8 ,1.0
173401,-7 ,1.0
173402,-7 ,1.0
173403,-9 ,1.0
173404,-9 ,1.0
173405,-9 ,1.0
173406,-8 ,1.0
173407,-15,1.0
173408,-9 ,1.0
173409,-15,1.0
173410,-8 ,1.0
173411,-9 ,1.0
173412,-9 ,1.0
173413,-7 ,1.0
173414,-8 ,1.0
173415,-16,1.0
173416,-9 ,1.0
173417,-7 ,1.0
173418,-15,1.0
173419,-9 ,1.0
173420,-15,1.0
173421,-9 ,1.0
173423,-15,1.0
173424,-7 ,1.0
173425,-8 ,1.0
173426,-14,1.0
173427,-14,1.0
173428,-9 ,1.0
173429,-9 ,1.0
173430,-7 ,1.0
173431,-14,1.0
173432,-9 ,1.0
173433,-9 ,1.0
173434,-9 ,1.0
173435,-16,1.0
173436,-8 ,1.0
173437,-8 ,1.0
173438,-10,1.0
173439,-15,1.0
173440,-14,1.0
173441,-16,1.0
173442,-6 ,1.0
173443,-8 ,1.0
173444,-9 ,1.0
173445,-16,1.0
173446,-3 ,1.0
173447,-9 ,1.0
173448,-11,1.0
173449,-9 ,1.0
173450,-7 ,1.0
173451,-14,1.0
173452,-10,1.0
173453,-8 ,1.0
173454,-7 ,1.0
173455,-8 ,1.0
173456,-17,1.0
173457,-8 ,1.0
173458,-10,1.0
173459,-10,1.0
173500,-9 ,1.0
173501,-9 ,1.0
173502,-8 ,1.0
173503,-7 ,1.0
173504,-7 ,1.0
173505,-7 ,1.0
173506,-8 ,1.0
173507,-8 ,1.0
173508,-8 ,1.0
173509,-8 ,1.0
173510,-6 ,1.0
173511,-7 ,1.0
173512,-8 ,1.0
173513,-10,1.0
173514,-9 ,1.0
173515,-17,1.0
173516,-25,1.0
173517,-9 ,1.0
173518,-9 ,1.0
173519,-20,1.0
173520,-14,1.0
173522,-8 ,1.0
173523,-8 ,1.0
173524,-7 ,1.0
173525,-7 ,1.0
173526,-17,1.0
173527,-7 ,1.0
173528,-7 ,1.0
173529,-6 ,1.0
173530,-7 ,1.0
173531,-7 ,1.0
173532,-15,1.0
173533,-17,1.0
173534,-14,1.0
173535,-8 ,1.0
