165648,-39,1.0
165649,-38,1.0
165650,-40,1.0
165651,-39,1.0
165652,-39,1.0
165653,-40,1.0
165654,-39,1.0
165655,-42,0.971428571429
165656,-39,1.0
165657,-43,0.957142857143
165658,-39,1.0
165659,-43,0.957142857143
165700,-39,1.0
165701,-41,0.985714285714
165703,-42,0.971428571429
165704,-40,1.0
165705,-42,0.971428571429
165706,-43,0.957142857143
165707,-49,0.871428571429
165708,-41,0.985714285714
165709,-41,0.985714285714
165710,-44,0.942857142857
165711,-37,1.0
165712,-37,1.0
165713,-34,1.0
165714,-34,1.0
165715,-39,1.0
165716,-37,1.0
165717,-39,1.0
165718,-46,0.914285714286
165719,-37,1.0
165720,-41,0.985714285714
165721,-42,0.971428571429
165722,-39,1.0
165723,-43,0.957142857143
165724,-39,1.0
165725,-40,1.0
165726,-40,1.0
165727,-43,0.957142857143
165728,-41,0.985714285714
165729,-40,1.0
165730,-39,1.0
165731,-43,0.957142857143
165732,-48,0.885714285714
165733,-41,0.985714285714
165734,-44,0.942857142857
165735,-43,0.957142857143
165736,-51,0.842857142857
165737,-46,0.914285714286
165738,-54,0.8
165739,-46,0.914285714286
165740,-47,0.9
165741,-46,0.914285714286
165742,-44,0.942857142857
165743,-43,0.957142857143
165744,-45,0.928571428571
165745,-44,0.942857142857
165746,-41,0.985714285714
165747,-42,0.971428571429
165748,-43,0.957142857143
165749,-43,0.957142857143
165750,-48,0.885714285714
165751,-50,0.857142857143
165752,-48,0.885714285714
165753,-46,0.914285714286
165754,-49,0.871428571429
165755,-48,0.885714285714
165756,-47,0.9
165757,-51,0.842857142857
165758,-56,0.771428571429
165759,-52,0.828571428571
165800,-48,0.885714285714
165801,-48,0.885714285714
165803,-50,0.857142857143
165804,-42,0.971428571429
165805,-42,0.971428571429
165806,-46,0.914285714286
165807,-43,0.957142857143
165808,-51,0.842857142857
165809,-48,0.885714285714
165810,-48,0.885714285714
165811,-48,0.885714285714
165812,-48,0.885714285714
165813,-48,0.885714285714
165814,-48,0.885714285714
165815,-48,0.885714285714
165816,-49,0.871428571429
165817,-52,0.828571428571
165818,-50,0.857142857143
165819,-49,0.871428571429
165820,-56,0.771428571429
165821,-48,0.885714285714
165822,-55,0.785714285714
165823,-50,0.857142857143
165824,-55,0.785714285714
165825,-55,0.785714285714
165826,-57,0.757142857143
165827,-57,0.757142857143
165828,-69,0.585714285714
165829,-66,0.628571428571
165830,-60,0.714285714286
165831,-61,0.7
165832,-68,0.6
165833,-63,0.671428571429
165834,-65,0.642857142857
165835,-63,0.671428571429
165836,-63,0.671428571429
165837,-59,0.728571428571
165838,-62,0.685714285714
165839,-65,0.642857142857
165840,-62,0.685714285714
165841,-58,0.742857142857
165842,-65,0.642857142857
165843,-63,0.671428571429
165844,-62,0.685714285714
165845,-75,0.5
165846,-61,0.7
165847,-62,0.685714285714
165848,-56,0.771428571429
165849,-68,0.6
165850,-62,0.685714285714
165851,-55,0.785714285714
165852,-53,0.814285714286
165853,-64,0.657142857143
165854,-58,0.742857142857
165855,-53,0.814285714286
165856,-56,0.771428571429
165857,-55,0.785714285714
165858,-61,0.7
165859,-55,0.785714285714
165900,-61,0.7
165901,-63,0.671428571429
165902,-66,0.628571428571
165904,-57,0.757142857143
165905,-52,0.828571428571
165906,-50,0.857142857143
165907,-53,0.814285714286
165908,-62,0.685714285714
165909,-59,0.728571428571
165910,-53,0.814285714286
165911,-54,0.8
165912,-57,0.757142857143
165913,-60,0.714285714286
165914,-53,0.814285714286
165915,-57,0.757142857143
165916,-54,0.8
165917,-59,0.728571428571
165918,-51,0.842857142857
165919,-51,0.842857142857
165920,-51,0.842857142857
165921,-56,0.771428571429
165922,-52,0.828571428571
165923,-52,0.828571428571
165924,-52,0.828571428571
165925,-52,0.828571428571
165926,-56,0.771428571429
165927,-54,0.8
165928,-60,0.714285714286
165929,-59,0.728571428571
165930,-58,0.742857142857
165931,-53,0.814285714286
165932,-53,0.814285714286
165933,-56,0.771428571429
165934,-53,0.814285714286
165935,-62,0.685714285714
165936,-54,0.8
165937,-59,0.728571428571
165938,-55,0.785714285714
165939,-58,0.742857142857
165940,-62,0.685714285714
165941,-61,0.7
165942,-61,0.7
165943,-53,0.814285714286
165944,-55,0.785714285714
165945,-54,0.8
165946,-62,0.685714285714
165947,-59,0.728571428571
165948,-54,0.8
165949,-53,0.814285714286
165950,-61,0.7
165951,-53,0.814285714286
165952,-57,0.757142857143
165953,-54,0.8
165954,-62,0.685714285714
165955,-56,0.771428571429
165956,-54,0.8
165957,-54,0.8
165958,-54,0.8
165959,-57,0.757142857143
170000,-63,0.671428571429
170001,-68,0.6
170002,-67,0.614285714286
170003,-67,0.614285714286
170005,-55,0.785714285714
170006,-59,0.728571428571
170007,-61,0.7
170008,-58,0.742857142857
170009,-64,0.657142857143
170010,-59,0.728571428571
170011,-60,0.714285714286
170012,-61,0.7
170013,-55,0.785714285714
170014,-59,0.728571428571
170015,-62,0.685714285714
170016,-60,0.714285714286
170017,-60,0.714285714286
170018,-60,0.714285714286
170019,-58,0.742857142857
170020,-63,0.671428571429
170021,-58,0.742857142857
170022,-55,0.785714285714
170023,-55,0.785714285714
170024,-59,0.728571428571
170025,-60,0.714285714286
170026,-62,0.685714285714
170027,-61,0.7
170028,-66,0.628571428571
170029,-67,0.614285714286
170030,-62,0.685714285714
170031,-62,0.685714285714
170032,-54,0.8
170033,-58,0.742857142857
170034,-59,0.728571428571
170035,-65,0.642857142857
170036,-59,0.728571428571
170037,-55,0.785714285714
170038,-67,0.614285714286
170039,-63,0.671428571429
170040,-62,0.685714285714
170041,-64,0.657142857143
170042,-60,0.714285714286
170043,-61,0.7
170044,-59,0.728571428571
170045,-61,0.7
170046,-65,0.642857142857
170047,-65,0.642857142857
170048,-59,0.728571428571
170049,-68,0.6
170050,-63,0.671428571429
170051,-57,0.757142857143
170052,-66,0.628571428571
170053,-67,0.614285714286
170054,-62,0.685714285714
170055,-61,0.7
170056,-61,0.7
170057,-64,0.657142857143
170058,-70,0.571428571429
170059,-62,0.685714285714
170100,-63,0.671428571429
170101,-67,0.614285714286
170102,-65,0.642857142857
170103,-64,0.657142857143
170104,-59,0.728571428571
170105,-59,0.728571428571
170106,-65,0.642857142857
170108,-61,0.7
170109,-61,0.7
170110,-65,0.642857142857
170111,-66,0.628571428571
170112,-61,0.7
170113,-61,0.7
170114,-61,0.7
170115,-63,0.671428571429
170116,-64,0.657142857143
170117,-64,0.657142857143
170118,-64,0.657142857143
170119,-66,0.628571428571
170120,-63,0.671428571429
170121,-63,0.671428571429
170122,-65,0.642857142857
170123,-62,0.685714285714
170124,-62,0.685714285714
170125,-62,0.685714285714
170126,-61,0.7
170127,-64,0.657142857143
170128,-62,0.685714285714
170129,-61,0.7
170130,-65,0.642857142857
170131,-65,0.642857142857
170132,-65,0.642857142857
170133,-67,0.614285714286
170134,-66,0.628571428571
170135,-66,0.628571428571
170136,-68,0.6
170137,-66,0.628571428571
170138,-63,0.671428571429
170139,-63,0.671428571429
170140,-66,0.628571428571
170141,-71,0.557142857143
170142,-72,0.542857142857
170143,-72,0.542857142857
170144,-69,0.585714285714
170145,-69,0.585714285714
170146,-76,0.485714285714
170147,-69,0.585714285714
170148,-69,0.585714285714
170149,-66,0.628571428571
170150,-65,0.642857142857
170151,-67,0.614285714286
170152,-63,0.671428571429
170153,-64,0.657142857143
170154,-61,0.7
170155,-66,0.628571428571
170156,-63,0.671428571429
170157,-65,0.642857142857
170158,-67,0.614285714286
170159,-67,0.614285714286
170200,-72,0.542857142857
170201,-70,0.571428571429
170202,-70,0.571428571429
170203,-69,0.585714285714
170204,-71,0.557142857143
170205,-71,0.557142857143
170206,-71,0.557142857143
170207,-71,0.557142857143
170208,-73,0.528571428571
170210,-71,0.557142857143
170211,-69,0.585714285714
170212,-68,0.6
170213,-67,0.614285714286
170214,-66,0.628571428571
170215,-65,0.642857142857
170216,-69,0.585714285714
170217,-65,0.642857142857
170218,-65,0.642857142857
170219,-67,0.614285714286
170220,-64,0.657142857143
170221,-64,0.657142857143
170222,-61,0.7
170223,-63,0.671428571429
170224,-61,0.7
170225,-68,0.6
170226,-70,0.571428571429
170227,-69,0.585714285714
170228,-69,0.585714285714
170229,-65,0.642857142857
170230,-65,0.642857142857
170231,-66,0.628571428571
170232,-68,0.6
170233,-68,0.6
170234,-67,0.614285714286
170235,-71,0.557142857143
170236,-67,0.614285714286
170237,-68,0.6
170238,-68,0.6
170239,-67,0.614285714286
170240,-66,0.628571428571
170241,-64,0.657142857143
170242,-68,0.6
170243,-68,0.6
170244,-68,0.6
170245,-66,0.628571428571
170246,-67,0.614285714286
170247,-69,0.585714285714
170248,-67,0.614285714286
170249,-66,0.628571428571
170250,-66,0.628571428571
170251,-71,0.557142857143
170252,-66,0.628571428571
170253,-72,0.542857142857
170254,-69,0.585714285714
170255,-66,0.628571428571
170256,-64,0.657142857143
170257,-67,0.614285714286
170258,-68,0.6
170259,-67,0.614285714286
170300,-68,0.6
170301,-68,0.6
170302,-70,0.571428571429
170303,-68,0.6
170304,-67,0.614285714286
170305,-69,0.585714285714
170306,-68,0.6
170307,-68,0.6
170308,-72,0.542857142857
170310,-75,0.5
170311,-75,0.5
170312,-75,0.5
170313,-78,0.457142857143
170314,-75,0.5
170315,-68,0.6
170316,-71,0.557142857143
170317,-72,0.542857142857
170318,-67,0.614285714286
170319,-67,0.614285714286
170320,-66,0.628571428571
170321,-66,0.628571428571
170322,-71,0.557142857143
170323,-72,0.542857142857
170324,-69,0.585714285714
170325,-68,0.6
170326,-69,0.585714285714
170327,-69,0.585714285714
170328,-67,0.614285714286
170329,-68,0.6
170330,-69,0.585714285714
170331,-75,0.5
170332,-69,0.585714285714
170333,-68,0.6
170334,-75,0.5
170335,-70,0.571428571429
170336,-71,0.557142857143
170337,-68,0.6
170338,-69,0.585714285714
170339,-70,0.571428571429
170340,-68,0.6
170341,-67,0.614285714286
170342,-68,0.6
170343,-68,0.6
170344,-75,0.5
170345,-75,0.5
170346,-61,0.7
170347,-62,0.685714285714
170348,-63,0.671428571429
170349,-66,0.628571428571
170350,-65,0.642857142857
170351,-67,0.614285714286
170352,-65,0.642857142857
170353,-63,0.671428571429
170354,-67,0.614285714286
170355,-64,0.657142857143
170356,-69,0.585714285714
170357,-65,0.642857142857
170358,-64,0.657142857143
170359,-66,0.628571428571
170400,-65,0.642857142857
170401,-67,0.614285714286
170402,-66,0.628571428571
170403,-68,0.6
170404,-69,0.585714285714
170406,-64,0.657142857143
170407,-63,0.671428571429
170408,-63,0.671428571429
170409,-66,0.628571428571
170410,-68,0.6
170411,-67,0.614285714286
170412,-66,0.628571428571
170413,-71,0.557142857143
170414,-73,0.528571428571
170415,-67,0.614285714286
170416,-72,0.542857142857
170417,-72,0.542857142857
170418,-69,0.585714285714
170419,-67,0.614285714286
170420,-69,0.585714285714
170421,-74,0.514285714286
170422,-72,0.542857142857
170423,-76,0.485714285714
170424,-75,0.5
170425,-71,0.557142857143
170426,-73,0.528571428571
170427,-69,0.585714285714
170428,-70,0.571428571429
170429,-68,0.6
170430,-71,0.557142857143
170431,-70,0.571428571429
170432,-73,0.528571428571
170433,-67,0.614285714286
170434,-68,0.6
170435,-65,0.642857142857
170436,-68,0.6
170437,-66,0.628571428571
170438,-68,0.6
170439,-67,0.614285714286
170440,-67,0.614285714286
170441,-64,0.657142857143
170442,-66,0.628571428571
170443,-69,0.585714285714
170444,-66,0.628571428571
170445,-67,0.614285714286
170446,-69,0.585714285714
170447,-69,0.585714285714
170448,-71,0.557142857143
170449,-71,0.557142857143
170450,-66,0.628571428571
170451,-66,0.628571428571
170452,-67,0.614285714286
170453,-71,0.557142857143
170454,-70,0.571428571429
170455,-73,0.528571428571
170456,-70,0.571428571429
170457,-73,0.528571428571
170458,-72,0.542857142857
170459,-69,0.585714285714
170500,-69,0.585714285714
170501,-70,0.571428571429
170502,-73,0.528571428571
170503,-74,0.514285714286
170504,-71,0.557142857143
170506,-70,0.571428571429
170507,-65,0.642857142857
170508,-66,0.628571428571
170509,-65,0.642857142857
170510,-64,0.657142857143
170511,-66,0.628571428571
170512,-66,0.628571428571
170513,-65,0.642857142857
170514,-68,0.6
170515,-72,0.542857142857
170516,-77,0.471428571429
170517,-70,0.571428571429
170518,-67,0.614285714286
170519,-67,0.614285714286
170520,-67,0.614285714286
170521,-72,0.542857142857
170522,-69,0.585714285714
170523,-70,0.571428571429
170524,-70,0.571428571429
170525,-68,0.6
170526,-69,0.585714285714
170527,-68,0.6
170528,-68,0.6
170529,-69,0.585714285714
170530,-69,0.585714285714
170531,-69,0.585714285714
170532,-69,0.585714285714
170533,-69,0.585714285714
170534,-65,0.642857142857
170535,-65,0.642857142857
170536,-68,0.6
170537,-69,0.585714285714
170538,-69,0.585714285714
170539,-68,0.6
170540,-66,0.628571428571
170541,-67,0.614285714286
170542,-68,0.6
170543,-68,0.6
170544,-68,0.6
170545,-65,0.642857142857
170546,-68,0.6
170547,-68,0.6
170548,-68,0.6
170549,-65,0.642857142857
170550,-66,0.628571428571
170551,-63,0.671428571429
170552,-65,0.642857142857
170553,-67,0.614285714286
170554,-69,0.585714285714
170555,-66,0.628571428571
170556,-67,0.614285714286
170557,-66,0.628571428571
170558,-69,0.585714285714
170559,-70,0.571428571429
170600,-66,0.628571428571
170601,-68,0.6
170602,-66,0.628571428571
170603,-67,0.614285714286
170604,-70,0.571428571429
170605,-68,0.6
170606,-67,0.614285714286
170607,-65,0.642857142857
170609,-66,0.628571428571
170610,-65,0.642857142857
170611,-67,0.614285714286
170612,-67,0.614285714286
170613,-67,0.614285714286
170614,-67,0.614285714286
170615,-67,0.614285714286
170616,-71,0.557142857143
170617,-70,0.571428571429
170618,-70,0.571428571429
170619,-67,0.614285714286
170620,-70,0.571428571429
170621,-66,0.628571428571
170622,-66,0.628571428571
170623,-66,0.628571428571
170624,-69,0.585714285714
170625,-70,0.571428571429
170626,-71,0.557142857143
170627,-70,0.571428571429
170628,-67,0.614285714286
170629,-65,0.642857142857
170630,-64,0.657142857143
170631,-66,0.628571428571
170632,-68,0.6
170633,-71,0.557142857143
170634,-71,0.557142857143
170635,-70,0.571428571429
170636,-68,0.6
170637,-71,0.557142857143
170638,-73,0.528571428571
170639,-73,0.528571428571
170640,-79,0.442857142857
170641,-64,0.657142857143
170642,-63,0.671428571429
170643,-65,0.642857142857
170644,-64,0.657142857143
170645,-65,0.642857142857
170646,-65,0.642857142857
170647,-66,0.628571428571
170648,-66,0.628571428571
170649,-64,0.657142857143
170650,-71,0.557142857143
170651,-65,0.642857142857
170652,-68,0.6
170653,-68,0.6
170654,-70,0.571428571429
170655,-70,0.571428571429
170656,-70,0.571428571429
170657,-71,0.557142857143
170658,-70,0.571428571429
170659,-66,0.628571428571
170700,-66,0.628571428571
170701,-66,0.628571428571
170702,-65,0.642857142857
170703,-65,0.642857142857
170704,-64,0.657142857143
170705,-63,0.671428571429
170706,-64,0.657142857143
170707,-64,0.657142857143
170708,-64,0.657142857143
170709,-66,0.628571428571
170711,-65,0.642857142857
170712,-67,0.614285714286
170713,-67,0.614285714286
170714,-65,0.642857142857
170715,-66,0.628571428571
170716,-68,0.6
170717,-65,0.642857142857
170718,-65,0.642857142857
170719,-65,0.642857142857
170720,-67,0.614285714286
170721,-66,0.628571428571
170722,-68,0.6
170723,-66,0.628571428571
170724,-65,0.642857142857
170725,-66,0.628571428571
170726,-64,0.657142857143
170727,-64,0.657142857143
170728,-65,0.642857142857
170729,-73,0.528571428571
170730,-73,0.528571428571
170731,-68,0.6
170732,-73,0.528571428571
170733,-70,0.571428571429
170734,-69,0.585714285714
170735,-68,0.6
170736,-68,0.6
170737,-66,0.628571428571
170738,-67,0.614285714286
170739,-68,0.6
170740,-66,0.628571428571
170741,-67,0.614285714286
170742,-68,0.6
170743,-68,0.6
170744,-67,0.614285714286
170745,-70,0.571428571429
170746,-68,0.6
170747,-70,0.571428571429
170748,-63,0.671428571429
170749,-65,0.642857142857
170750,-64,0.657142857143
170751,-65,0.642857142857
170752,-65,0.642857142857
170753,-65,0.642857142857
170754,-67,0.614285714286
170755,-66,0.628571428571
170756,-75,0.5
170757,-72,0.542857142857
170758,-67,0.614285714286
170759,-66,0.628571428571
170800,-66,0.628571428571
170801,-67,0.614285714286
170802,-68,0.6
170803,-68,0.6
170804,-70,0.571428571429
170805,-67,0.614285714286
170806,-66,0.628571428571
170807,-65,0.642857142857
170808,-67,0.614285714286
170810,-67,0.614285714286
170811,-63,0.671428571429
170812,-64,0.657142857143
170813,-62,0.685714285714
170814,-62,0.685714285714
170815,-62,0.685714285714
170816,-69,0.585714285714
170817,-65,0.642857142857
170818,-66,0.628571428571
170819,-68,0.6
170820,-70,0.571428571429
170821,-71,0.557142857143
170822,-68,0.6
170823,-71,0.557142857143
170824,-68,0.6
170825,-68,0.6
170826,-67,0.614285714286
170827,-68,0.6
170828,-67,0.614285714286
170829,-69,0.585714285714
170830,-65,0.642857142857
170831,-68,0.6
170832,-64,0.657142857143
170833,-69,0.585714285714
170834,-72,0.542857142857
170835,-68,0.6
170836,-69,0.585714285714
170837,-67,0.614285714286
170838,-66,0.628571428571
170839,-69,0.585714285714
170840,-69,0.585714285714
170841,-71,0.557142857143
170842,-69,0.585714285714
170843,-68,0.6
170844,-69,0.585714285714
170845,-67,0.614285714286
170846,-65,0.642857142857
170847,-67,0.614285714286
170848,-67,0.614285714286
170849,-66,0.628571428571
170850,-67,0.614285714286
170851,-65,0.642857142857
170852,-67,0.614285714286
170853,-64,0.657142857143
170854,-67,0.614285714286
170855,-69,0.585714285714
170856,-68,0.6
170857,-66,0.628571428571
170858,-66,0.628571428571
170859,-68,0.6
170900,-73,0.528571428571
170901,-67,0.614285714286
170902,-68,0.6
170903,-70,0.571428571429
170904,-75,0.5
170905,-70,0.571428571429
170906,-68,0.6
170907,-70,0.571428571429
170908,-70,0.571428571429
170909,-74,0.514285714286
170910,-69,0.585714285714
170911,-70,0.571428571429
170912,-67,0.614285714286
170914,-64,0.657142857143
170915,-66,0.628571428571
170916,-66,0.628571428571
170917,-71,0.557142857143
170918,-68,0.6
170919,-67,0.614285714286
170920,-68,0.6
170921,-66,0.628571428571
170922,-67,0.614285714286
170923,-65,0.642857142857
170924,-66,0.628571428571
170925,-67,0.614285714286
170926,-64,0.657142857143
170927,-65,0.642857142857
170928,-68,0.6
170929,-67,0.614285714286
170930,-71,0.557142857143
170931,-67,0.614285714286
170932,-69,0.585714285714
170933,-69,0.585714285714
170934,-69,0.585714285714
170935,-66,0.628571428571
170936,-66,0.628571428571
170937,-70,0.571428571429
170938,-66,0.628571428571
170939,-66,0.628571428571
170940,-66,0.628571428571
170941,-68,0.6
170942,-68,0.6
170943,-70,0.571428571429
170944,-70,0.571428571429
170945,-74,0.514285714286
170946,-68,0.6
170947,-72,0.542857142857
170948,-70,0.571428571429
170949,-67,0.614285714286
170950,-67,0.614285714286
170951,-68,0.6
170952,-69,0.585714285714
170953,-72,0.542857142857
170954,-67,0.614285714286
170955,-69,0.585714285714
170956,-71,0.557142857143
170957,-74,0.514285714286
170958,-68,0.6
170959,-74,0.514285714286
171000,-74,0.514285714286
171001,-74,0.514285714286
171002,-71,0.557142857143
171003,-67,0.614285714286
171004,-70,0.571428571429
171005,-69,0.585714285714
171006,-75,0.5
171007,-75,0.5
171008,-73,0.528571428571
171009,-72,0.542857142857
171010,-73,0.528571428571
171011,-74,0.514285714286
171012,-70,0.571428571429
171014,-68,0.6
171015,-70,0.571428571429
171016,-70,0.571428571429
171017,-73,0.528571428571
171018,-71,0.557142857143
171019,-70,0.571428571429
171020,-67,0.614285714286
171021,-69,0.585714285714
171022,-67,0.614285714286
171023,-69,0.585714285714
171024,-68,0.6
171025,-68,0.6
171026,-66,0.628571428571
171027,-70,0.571428571429
171028,-74,0.514285714286
171029,-68,0.6
171030,-73,0.528571428571
171031,-70,0.571428571429
171032,-68,0.6
171033,-70,0.571428571429
171034,-70,0.571428571429
171035,-68,0.6
171036,-68,0.6
171037,-67,0.614285714286
171038,-67,0.614285714286
171039,-69,0.585714285714
171040,-69,0.585714285714
171041,-70,0.571428571429
171042,-75,0.5
171043,-66,0.628571428571
171044,-66,0.628571428571
171045,-71,0.557142857143
171046,-68,0.6
171047,-70,0.571428571429
171048,-67,0.614285714286
171049,-67,0.614285714286
171050,-68,0.6
171051,-67,0.614285714286
171052,-70,0.571428571429
171053,-70,0.571428571429
171054,-70,0.571428571429
171055,-72,0.542857142857
171056,-71,0.557142857143
171057,-70,0.571428571429
171058,-70,0.571428571429
171059,-67,0.614285714286
171100,-67,0.614285714286
171101,-66,0.628571428571
171102,-69,0.585714285714
171103,-67,0.614285714286
171104,-68,0.6
171105,-68,0.6
171106,-69,0.585714285714
171107,-66,0.628571428571
171108,-71,0.557142857143
171109,-72,0.542857142857
171110,-72,0.542857142857
171111,-69,0.585714285714
171113,-68,0.6
171114,-68,0.6
171115,-69,0.585714285714
171116,-69,0.585714285714
171117,-72,0.542857142857
171118,-69,0.585714285714
171119,-69,0.585714285714
171120,-68,0.6
171121,-69,0.585714285714
171122,-70,0.571428571429
171123,-68,0.6
171124,-68,0.6
171125,-69,0.585714285714
171126,-68,0.6
171127,-71,0.557142857143
171128,-71,0.557142857143
171129,-72,0.542857142857
171130,-72,0.542857142857
171131,-68,0.6
171132,-72,0.542857142857
171133,-70,0.571428571429
171134,-72,0.542857142857
171135,-72,0.542857142857
171136,-71,0.557142857143
171137,-71,0.557142857143
171138,-75,0.5
171139,-72,0.542857142857
171140,-69,0.585714285714
171141,-78,0.457142857143
171142,-78,0.457142857143
171143,-78,0.457142857143
171144,-78,0.457142857143
171145,-73,0.528571428571
171146,-72,0.542857142857
171147,-72,0.542857142857
171148,-75,0.5
171149,-73,0.528571428571
171150,-73,0.528571428571
171151,-72,0.542857142857
171152,-73,0.528571428571
171153,-72,0.542857142857
171154,-75,0.5
171155,-76,0.485714285714
171156,-77,0.471428571429
171157,-75,0.5
171158,-73,0.528571428571
171159,-72,0.542857142857
171200,-70,0.571428571429
171201,-73,0.528571428571
171202,-72,0.542857142857
171203,-76,0.485714285714
171204,-75,0.5
171205,-68,0.6
171206,-69,0.585714285714
171207,-68,0.6
171208,-71,0.557142857143
171209,-70,0.571428571429
171210,-70,0.571428571429
171211,-74,0.514285714286
171212,-70,0.571428571429
171214,-70,0.571428571429
171215,-72,0.542857142857
171216,-70,0.571428571429
171217,-71,0.557142857143
171218,-70,0.571428571429
171219,-70,0.571428571429
171220,-68,0.6
171221,-70,0.571428571429
171222,-69,0.585714285714
171223,-67,0.614285714286
171224,-69,0.585714285714
171225,-69,0.585714285714
171226,-66,0.628571428571
171227,-72,0.542857142857
171228,-67,0.614285714286
171229,-69,0.585714285714
171230,-68,0.6
171231,-68,0.6
171232,-67,0.614285714286
171233,-67,0.614285714286
171234,-66,0.628571428571
171235,-72,0.542857142857
171236,-72,0.542857142857
171237,-70,0.571428571429
171238,-67,0.614285714286
171239,-65,0.642857142857
171240,-70,0.571428571429
171241,-70,0.571428571429
171242,-68,0.6
171243,-69,0.585714285714
171244,-67,0.614285714286
171245,-71,0.557142857143
171246,-69,0.585714285714
171247,-72,0.542857142857
171248,-73,0.528571428571
171249,-69,0.585714285714
171250,-69,0.585714285714
171251,-73,0.528571428571
171252,-73,0.528571428571
171253,-71,0.557142857143
171254,-72,0.542857142857
171255,-69,0.585714285714
171256,-69,0.585714285714
171257,-69,0.585714285714
171258,-68,0.6
171259,-68,0.6
171300,-66,0.628571428571
171301,-66,0.628571428571
171302,-67,0.614285714286
171303,-69,0.585714285714
171304,-66,0.628571428571
171305,-67,0.614285714286
171306,-69,0.585714285714
171307,-67,0.614285714286
171308,-66,0.628571428571
171309,-69,0.585714285714
171310,-70,0.571428571429
171311,-70,0.571428571429
171313,-75,0.5
171314,-71,0.557142857143
171315,-76,0.485714285714
171316,-73,0.528571428571
171317,-77,0.471428571429
171318,-74,0.514285714286
171319,-75,0.5
171320,-71,0.557142857143
171321,-73,0.528571428571
171322,-73,0.528571428571
171323,-74,0.514285714286
171324,-72,0.542857142857
171325,-65,0.642857142857
171326,-70,0.571428571429
171327,-75,0.5
171328,-70,0.571428571429
171329,-73,0.528571428571
171330,-74,0.514285714286
171331,-73,0.528571428571
171332,-72,0.542857142857
171333,-74,0.514285714286
171334,-71,0.557142857143
171335,-75,0.5
171336,-72,0.542857142857
171337,-72,0.542857142857
171338,-70,0.571428571429
171339,-71,0.557142857143
171340,-69,0.585714285714
171341,-73,0.528571428571
171342,-73,0.528571428571
171343,-73,0.528571428571
171344,-69,0.585714285714
171345,-75,0.5
171346,-73,0.528571428571
171347,-71,0.557142857143
171348,-74,0.514285714286
171349,-71,0.557142857143
171350,-71,0.557142857143
171351,-70,0.571428571429
171352,-71,0.557142857143
171353,-71,0.557142857143
171354,-77,0.471428571429
171355,-70,0.571428571429
171356,-77,0.471428571429
171357,-73,0.528571428571
171358,-76,0.485714285714
171359,-73,0.528571428571
171400,-71,0.557142857143
171401,-72,0.542857142857
171402,-72,0.542857142857
171403,-72,0.542857142857
171404,-71,0.557142857143
171405,-74,0.514285714286
171406,-69,0.585714285714
171407,-71,0.557142857143
171408,-73,0.528571428571
171409,-71,0.557142857143
171411,-70,0.571428571429
171412,-72,0.542857142857
171413,-73,0.528571428571
171414,-72,0.542857142857
171415,-74,0.514285714286
171416,-74,0.514285714286
171417,-71,0.557142857143
171418,-72,0.542857142857
171419,-70,0.571428571429
171420,-71,0.557142857143
171421,-73,0.528571428571
171422,-69,0.585714285714
171423,-72,0.542857142857
171424,-69,0.585714285714
171425,-71,0.557142857143
171426,-75,0.5
171427,-73,0.528571428571
171428,-73,0.528571428571
171429,-69,0.585714285714
171430,-72,0.542857142857
171431,-72,0.542857142857
171432,-71,0.557142857143
171433,-71,0.557142857143
171434,-71,0.557142857143
171435,-73,0.528571428571
171436,-73,0.528571428571
171437,-72,0.542857142857
171438,-72,0.542857142857
171439,-69,0.585714285714
171440,-69,0.585714285714
171441,-68,0.6
171442,-70,0.571428571429
171443,-72,0.542857142857
171444,-69,0.585714285714
171445,-73,0.528571428571
171446,-72,0.542857142857
171447,-71,0.557142857143
171448,-70,0.571428571429
171449,-70,0.571428571429
171450,-70,0.571428571429
171451,-76,0.485714285714
171452,-74,0.514285714286
171453,-74,0.514285714286
171454,-72,0.542857142857
171455,-75,0.5
171456,-71,0.557142857143
171457,-71,0.557142857143
171458,-70,0.571428571429
171459,-70,0.571428571429
171500,-70,0.571428571429
171501,-70,0.571428571429
171502,-70,0.571428571429
171503,-71,0.557142857143
171504,-71,0.557142857143
171505,-92,0.257142857143
171506,-71,0.557142857143
171507,-72,0.542857142857
171508,-69,0.585714285714
171509,-74,0.514285714286
171510,-71,0.557142857143
171512,-70,0.571428571429
171513,-70,0.571428571429
171514,-71,0.557142857143
171515,-75,0.5
171516,-71,0.557142857143
171517,-73,0.528571428571
171518,-73,0.528571428571
171519,-69,0.585714285714
171520,-74,0.514285714286
171521,-70,0.571428571429
171522,-75,0.5
171523,-76,0.485714285714
171524,-75,0.5
171525,-72,0.542857142857
171526,-71,0.557142857143
171527,-72,0.542857142857
171528,-73,0.528571428571
171529,-73,0.528571428571
171530,-74,0.514285714286
171531,-75,0.5
171532,-74,0.514285714286
171533,-75,0.5
171534,-73,0.528571428571
171535,-76,0.485714285714
171536,-88,0.314285714286
171537,-70,0.571428571429
171538,-72,0.542857142857
171539,-78,0.457142857143
171540,-78,0.457142857143
171541,-72,0.542857142857
171542,-76,0.485714285714
171543,-76,0.485714285714
171544,-74,0.514285714286
171545,-74,0.514285714286
171546,-73,0.528571428571
171547,-76,0.485714285714
171548,-76,0.485714285714
171549,-76,0.485714285714
171550,-79,0.442857142857
171551,-79,0.442857142857
171552,-75,0.5
171553,-73,0.528571428571
171554,-77,0.471428571429
171555,-75,0.5
171556,-78,0.457142857143
171557,-78,0.457142857143
171558,-77,0.471428571429
171559,-77,0.471428571429
171600,-73,0.528571428571
171601,-76,0.485714285714
171602,-76,0.485714285714
171603,-76,0.485714285714
171604,-75,0.5
171605,-75,0.5
171606,-79,0.442857142857
171607,-79,0.442857142857
171609,-78,0.457142857143
171610,-78,0.457142857143
171611,-76,0.485714285714
171612,-74,0.514285714286
171613,-78,0.457142857143
171614,-78,0.457142857143
171615,-79,0.442857142857
171616,-78,0.457142857143
171617,-76,0.485714285714
171618,-74,0.514285714286
171619,-74,0.514285714286
171620,-79,0.442857142857
171621,-77,0.471428571429
171622,-77,0.471428571429
171623,-77,0.471428571429
171624,-76,0.485714285714
171625,-73,0.528571428571
171626,-78,0.457142857143
171627,-81,0.414285714286
171628,-82,0.4
171629,-85,0.357142857143
171630,-78,0.457142857143
171631,-81,0.414285714286
171632,-81,0.414285714286
171633,-77,0.471428571429
171634,-82,0.4
171635,-82,0.4
171636,-82,0.4
171637,-81,0.414285714286
171638,-78,0.457142857143
171639,-75,0.5
171640,-81,0.414285714286
171641,-79,0.442857142857
171642,-77,0.471428571429
171643,-76,0.485714285714
171644,-76,0.485714285714
171645,-76,0.485714285714
171646,-75,0.5
171647,-76,0.485714285714
171648,-75,0.5
171649,-77,0.471428571429
171650,-77,0.471428571429
171651,-76,0.485714285714
171652,-80,0.428571428571
171653,-76,0.485714285714
171654,-73,0.528571428571
171655,-77,0.471428571429
171656,-77,0.471428571429
171657,-81,0.414285714286
171658,-78,0.457142857143
171659,-78,0.457142857143
171700,-79,0.442857142857
171701,-79,0.442857142857
171702,-76,0.485714285714
171703,-76,0.485714285714
171704,-79,0.442857142857
171705,-77,0.471428571429
171706,-77,0.471428571429
171707,-83,0.385714285714
171708,-76,0.485714285714
171709,-77,0.471428571429
171710,-93,0.242857142857
171711,-93,0.242857142857
171713,-77,0.471428571429
171714,-76,0.485714285714
171715,-73,0.528571428571
171716,-79,0.442857142857
171717,-75,0.5
171718,-81,0.414285714286
171719,-80,0.428571428571
171720,-74,0.514285714286
171721,-78,0.457142857143
171722,-75,0.5
171723,-77,0.471428571429
171724,-78,0.457142857143
171725,-80,0.428571428571
171726,-77,0.471428571429
171727,-74,0.514285714286
171728,-77,0.471428571429
171729,-80,0.428571428571
171730,-80,0.428571428571
171731,-83,0.385714285714
171732,-83,0.385714285714
171733,-77,0.471428571429
171734,-77,0.471428571429
171735,-77,0.471428571429
171736,-77,0.471428571429
171737,-77,0.471428571429
171738,-78,0.457142857143
171739,-83,0.385714285714
171740,-83,0.385714285714
171741,-77,0.471428571429
171742,-78,0.457142857143
171743,-78,0.457142857143
171744,-72,0.542857142857
171745,-78,0.457142857143
171746,-85,0.357142857143
171747,-84,0.371428571429
171748,-79,0.442857142857
171749,-79,0.442857142857
171750,-81,0.414285714286
171751,-81,0.414285714286
171752,-81,0.414285714286
171753,-81,0.414285714286
171754,-81,0.414285714286
171755,-85,0.357142857143
171756,-85,0.357142857143
171757,-85,0.357142857143
171758,-85,0.357142857143
171759,-85,0.357142857143
171800,-75,0.5
171801,-81,0.414285714286
171802,-82,0.4
171803,-82,0.4
171804,-85,0.357142857143
171805,-85,0.357142857143
171806,-85,0.357142857143
171807,-85,0.357142857143
171808,-80,0.428571428571
171809,-80,0.428571428571
171810,-80,0.428571428571
171811,-79,0.442857142857
171812,-79,0.442857142857
171813,-79,0.442857142857
171815,-79,0.442857142857
171816,-79,0.442857142857
171817,-79,0.442857142857
171818,,
171819,,
171820,,
171821,,
171822,,
171823,,
171824,,
171825,,
171826,,
171827,,
171828,,
171829,,
171830,,
171831,,
171832,,
171833,,
171834,,
171835,-3 ,1.0
171836,-4 ,1.0
171837,-2 ,1.0
171838,-1 ,1.0
171839,-4 ,1.0
171840,-1 ,1.0
171841,-2 ,1.0
171842,-1 ,1.0
171843,-1 ,1.0
171844,-15,1.0
171845,-1 ,1.0
171846,-14,1.0
171847,-2 ,1.0
171848,-4 ,1.0
171849,-1 ,1.0
171850,-1 ,1.0
171851,-1 ,1.0
171852,-11,1.0
171853,-1 ,1.0
171854,-2 ,1.0
171855,-2 ,1.0
171856,-1 ,1.0
171857,-1 ,1.0
171858,-1 ,1.0
171859,-1 ,1.0
171900,-2 ,1.0
171901,-1 ,1.0
171902,-9 ,1.0
171903,-1 ,1.0
171904,-1 ,1.0
171905,-15,1.0
171906,-3 ,1.0
171907,-2 ,1.0
171908,-1 ,1.0
171909,-2 ,1.0
171910,-2 ,1.0
171911,-2 ,1.0
171913,-14,1.0
171914,-11,1.0
171915,-2 ,1.0
171916,-1 ,1.0
171917,-4 ,1.0
171918,-13,1.0
171919,-18,1.0
171920,-13,1.0
171921,-4 ,1.0
171922,-2 ,1.0
171923,-2 ,1.0
171924,-3 ,1.0
171925,-1 ,1.0
171926,-1 ,1.0
171927,-4 ,1.0
171928,-7 ,1.0
171929,-7 ,1.0
171930,-5 ,1.0
171931,-6 ,1.0
171932,-4 ,1.0
171933,-3 ,1.0
171934,-2 ,1.0
171935,-4 ,1.0
171936,-4 ,1.0
171937,-4 ,1.0
171938,-4 ,1.0
171939,-5 ,1.0
171940,-4 ,1.0
171941,-6 ,1.0
171942,-7 ,1.0
171943,-4 ,1.0
171944,-4 ,1.0
171945,-4 ,1.0
171946,-3 ,1.0
171947,-3 ,1.0
171948,-5 ,1.0
171949,-9 ,1.0
171950,-9 ,1.0
171951,-5 ,1.0
171952,-2 ,1.0
171953,-2 ,1.0
171954,-3 ,1.0
171955,-2 ,1.0
171956,-4 ,1.0
171957,-5 ,1.0
171958,-4 ,1.0
171959,-3 ,1.0
172000,-5 ,1.0
172001,-4 ,1.0
172002,-4 ,1.0
172003,-5 ,1.0
172004,-6 ,1.0
172005,-6 ,1.0
172006,-6 ,1.0
172007,-7 ,1.0
172008,-5 ,1.0
172010,-5 ,1.0
172011,-6 ,1.0
172012,-5 ,1.0
172013,-6 ,1.0
172014,-6 ,1.0
172015,-4 ,1.0
172016,-6 ,1.0
172017,-3 ,1.0
172018,-5 ,1.0
172019,-4 ,1.0
172020,-4 ,1.0
172021,-6 ,1.0
172022,-3 ,1.0
172023,-4 ,1.0
172024,-5 ,1.0
172025,-4 ,1.0
172026,-2 ,1.0
172027,-3 ,1.0
172028,-3 ,1.0
172029,-4 ,1.0
172030,-8 ,1.0
172031,-5 ,1.0
172032,-6 ,1.0
172033,-2 ,1.0
172034,-4 ,1.0
172035,-5 ,1.0
172036,-5 ,1.0
172037,-5 ,1.0
172038,-2 ,1.0
172039,-3 ,1.0
172040,-4 ,1.0
172041,-4 ,1.0
172042,-5 ,1.0
172043,-8 ,1.0
172044,-9 ,1.0
172045,-7 ,1.0
172046,-7 ,1.0
172047,-18,1.0
172048,-10,1.0
172049,-11,1.0
172050,-11,1.0
172051,-12,1.0
172052,-19,1.0
172053,-11,1.0
172054,-17,1.0
172055,-11,1.0
172056,-9 ,1.0
172057,-12,1.0
172058,-16,1.0
172059,-18,1.0
172100,-18,1.0
172101,-12,1.0
172102,-16,1.0
172103,-18,1.0
172104,-9 ,1.0
172105,-9 ,1.0
172106,-11,1.0
172107,-10,1.0
172109,-16,1.0
172110,-17,1.0
172111,-9 ,1.0
172112,-10,1.0
172113,-10,1.0
172114,-11,1.0
172115,-17,1.0
172116,-18,1.0
172117,-9 ,1.0
172118,-9 ,1.0
172119,-17,1.0
172120,-8 ,1.0
172121,-9 ,1.0
172122,-10,1.0
172123,-17,1.0
172124,-15,1.0
172125,-10,1.0
172126,-9 ,1.0
172127,-9 ,1.0
172128,-9 ,1.0
172129,-16,1.0
172130,-8 ,1.0
172131,-11,1.0
172132,-9 ,1.0
172133,-10,1.0
172134,-11,1.0
172135,-11,1.0
172136,-10,1.0
172137,-9 ,1.0
172138,-9 ,1.0
172139,-11,1.0
172140,-9 ,1.0
172141,-10,1.0
172142,-10,1.0
172143,-9 ,1.0
172144,-9 ,1.0
172145,-10,1.0
172146,-9 ,1.0
172147,-10,1.0
172148,-9 ,1.0
172149,-9 ,1.0
172150,-8 ,1.0
172151,-9 ,1.0
172152,-8 ,1.0
172153,-14,1.0
172154,-8 ,1.0
172155,-14,1.0
172156,-8 ,1.0
172157,-9 ,1.0
172158,-8 ,1.0
172159,-16,1.0
172200,-9 ,1.0
172201,-9 ,1.0
172202,-10,1.0
172203,-9 ,1.0
172204,-9 ,1.0
172205,-9 ,1.0
172206,-8 ,1.0
172207,-8 ,1.0
172208,-21,1.0
172209,-10,1.0
172210,-10,1.0
172212,-9 ,1.0
172213,-9 ,1.0
172214,-11,1.0
172215,-10,1.0
172216,-8 ,1.0
172217,-8 ,1.0
172218,-8 ,1.0
172219,-8 ,1.0
172220,-15,1.0
172221,-8 ,1.0
172222,-7 ,1.0
172223,-9 ,1.0
172224,-10,1.0
172225,-9 ,1.0
172226,-9 ,1.0
172227,-11,1.0
172228,-9 ,1.0
172229,-10,1.0
172230,-9 ,1.0
172231,-10,1.0
172232,-9 ,1.0
172233,-9 ,1.0
172234,-9 ,1.0
172235,-16,1.0
172236,-11,1.0
172237,-7 ,1.0
172238,-7 ,1.0
172239,-10,1.0
172240,-10,1.0
172241,-10,1.0
172242,-10,1.0
172243,-10,1.0
172244,-9 ,1.0
172245,-10,1.0
172246,-10,1.0
172247,-7 ,1.0
172248,-9 ,1.0
172249,-8 ,1.0
172250,-15,1.0
172251,-8 ,1.0
172252,-9 ,1.0
172253,-16,1.0
172254,-10,1.0
172255,-9 ,1.0
172256,-8 ,1.0
172257,-9 ,1.0
172258,-12,1.0
172259,-9 ,1.0
172300,-16,1.0
172301,-11,1.0
172302,-8 ,1.0
172303,-8 ,1.0
172304,-16,1.0
172305,-9 ,1.0
172306,-9 ,1.0
172307,-9 ,1.0
172308,-9 ,1.0
172310,-8 ,1.0
172311,-12,1.0
172312,-9 ,1.0
172313,-9 ,1.0
172314,-9 ,1.0
172315,-9 ,1.0
172316,-9 ,1.0
172317,-16,1.0
172318,-17,1.0
172319,-10,1.0
172320,-15,1.0
172321,-16,1.0
172322,-9 ,1.0
172323,-17,1.0
172324,-10,1.0
172325,-10,1.0
172326,-10,1.0
172327,-16,1.0
172328,-7 ,1.0
172329,-11,1.0
172330,-7 ,1.0
172331,-8 ,1.0
172332,-8 ,1.0
172333,-8 ,1.0
172334,-15,1.0
172335,-14,1.0
172336,-8 ,1.0
172337,-15,1.0
172338,-8 ,1.0
172339,-18,1.0
172340,-12,1.0
172341,-12,1.0
172342,-11,1.0
172343,-12,1.0
172344,-17,1.0
172345,-11,1.0
172346,-10,1.0
172347,-12,1.0
172348,-10,1.0
172349,-12,1.0
172350,-11,1.0
172351,-7 ,1.0
172352,-18,1.0
172353,-12,1.0
172354,-19,1.0
172355,-10,1.0
172356,-11,1.0
172357,-28,1.0
172358,-10,1.0
172359,-14,1.0
172400,-10,1.0
172401,-14,1.0
172402,-11,1.0
172403,-12,1.0
172404,-10,1.0
172405,-17,1.0
172406,-10,1.0
172408,-10,1.0
172409,-13,1.0
172410,-9 ,1.0
172411,-10,1.0
172412,-10,1.0
172413,-10,1.0
172414,-17,1.0
172415,-11,1.0
172416,-18,1.0
172417,-10,1.0
172418,-9 ,1.0
172419,-9 ,1.0
172420,-16,1.0
172421,-10,1.0
172422,-10,1.0
172423,-18,1.0
172424,-12,1.0
172425,-10,1.0
172426,-17,1.0
172427,-11,1.0
172428,-13,1.0
172429,-12,1.0
172430,-10,1.0
172431,-16,1.0
172432,-9 ,1.0
172433,-11,1.0
172434,-11,1.0
172435,-8 ,1.0
172436,-10,1.0
172437,-17,1.0
172438,-17,1.0
172439,-13,1.0
172440,-11,1.0
172441,-11,1.0
172442,-34,1.0
172443,-10,1.0
172444,-9 ,1.0
172445,-14,1.0
172446,-17,1.0
172447,-10,1.0
172448,-11,1.0
172449,-17,1.0
172450,-18,1.0
172451,-18,1.0
172452,-12,1.0
172453,-11,1.0
172454,-10,1.0
172455,-9 ,1.0
172456,-11,1.0
172457,-11,1.0
172458,-10,1.0
172459,-10,1.0
172500,-11,1.0
172501,-8 ,1.0
172502,-10,1.0
172503,-18,1.0
172504,-10,1.0
172505,-8 ,1.0
172507,-9 ,1.0
172508,-9 ,1.0
172509,-10,1.0
172510,-9 ,1.0
172511,-22,1.0
172512,-9 ,1.0
172513,-11,1.0
172514,-10,1.0
172515,-9 ,1.0
172516,-8 ,1.0
172517,-11,1.0
172518,-9 ,1.0
172519,-8 ,1.0
172520,-9 ,1.0
172521,-11,1.0
172522,-7 ,1.0
172523,-10,1.0
172524,-9 ,1.0
172525,-11,1.0
172526,-10,1.0
172527,-9 ,1.0
172528,-10,1.0
172529,-9 ,1.0
172530,-8 ,1.0
172531,-14,1.0
172532,-8 ,1.0
172533,-15,1.0
172534,-7 ,1.0
172535,-8 ,1.0
172536,-16,1.0
172537,-8 ,1.0
172538,-9 ,1.0
172539,-8 ,1.0
172540,-8 ,1.0
172541,-9 ,1.0
172542,-8 ,1.0
172543,-9 ,1.0
172544,-7 ,1.0
172545,-9 ,1.0
172546,-7 ,1.0
172547,-8 ,1.0
172548,-7 ,1.0
172549,-9 ,1.0
172550,-9 ,1.0
172551,-20,1.0
172552,-11,1.0
172553,-11,1.0
172554,-11,1.0
172555,-15,1.0
172556,-17,1.0
172557,-9 ,1.0
172558,-17,1.0
172559,-17,1.0
172600,-10,1.0
172601,-10,1.0
172602,-16,1.0
172604,-9 ,1.0
172605,-9 ,1.0
172606,-13,1.0
