203541,,
203542,,
203543,,
203544,,
203545,,
203546,,
203547,,
203548,,
203549,,
203550,,
203551,,
203552,,
203553,,
203554,,
203555,,
203556,,
203557,,
203558,,
203559,,
203600,,
203601,,
203602,,
203603,,
203604,,
203605,,
203606,,
203607,,
203608,,
203609,,
203610,,
203611,,
203612,,
203613,,
203614,,
203615,,
203616,,
203617,,
203618,,
203619,,
203620,,
203621,,
203622,,
203623,,
203624,,
203625,,
203626,,
203627,,
203628,,
203629,,
203630,,
203631,,
203632,,
203633,,
203634,,
203636,,
203637,,
203638,,
203639,,
203640,,
203641,,
203642,,
203643,,
203644,,
203645,,
203646,,
203647,,
203648,,
203649,,
203650,,
203651,,
203652,,
203653,,
203654,,
203655,,
203656,,
203657,,
203658,,
203659,,
203700,,
203701,,
203702,,
203703,,
203704,,
203705,,
203706,,
203707,,
203708,,
203709,,
203710,,
203711,,
203712,,
203713,,
203714,,
203715,,
203716,,
203717,,
203718,,
203719,,
203720,,
203721,,
203722,,
203723,,
203724,,
203725,,
203726,,
203727,,
203728,,
203729,,
203730,,
203731,,
203732,,
203733,,
203735,,
203736,,
203737,,
203738,,
203739,,
203740,,
203741,,
203742,,
203743,,
203744,,
203745,,
203746,,
203747,,
203748,,
203749,,
203750,,
203751,,
203752,,
203753,,
203754,,
203755,,
203756,,
203757,,
203758,,
203759,,
203800,,
203801,,
203802,,
203803,,
203804,,
203805,,
203806,,
203807,,
203808,,
203809,,
203810,,
203811,,
203812,,
203813,,
203814,,
203815,,
203816,,
203817,,
203818,,
203819,,
203820,,
203821,,
203822,,
203823,,
203824,,
203825,,
203826,,
203827,,
203828,,
203829,,
203830,,
203831,,
203833,,
203834,,
203835,,
203836,,
203837,,
203838,,
203839,,
203840,,
203841,,
203842,,
203843,,
203844,,
203845,,
203846,,
203847,,
203848,,
203849,,
203850,,
203851,,
203852,,
203853,,
203854,,
203855,,
203856,,
203857,,
203858,,
203859,,
203900,,
203901,,
203902,,
203903,,
203904,,
203905,,
203906,,
203907,,
203908,,
203909,,
203910,,
203911,,
203912,,
203913,,
203914,,
203915,,
203916,,
203917,,
203918,,
203919,,
203920,,
203921,,
203922,,
203923,,
203924,,
203925,,
203926,,
203927,,
203928,,
203929,,
203930,,
203932,,
203933,,
203934,,
203935,,
203936,,
203937,,
203938,,
203939,,
203940,,
203941,,
203942,,
203943,,
203944,,
203945,,
203946,,
203947,,
203948,,
203949,,
203950,,
203951,,
203952,,
203953,,
203954,,
203955,,
203956,,
203957,,
203958,,
203959,,
204000,,
204001,,
204002,,
204003,,
204004,,
204005,,
204006,,
204007,,
204008,,
204009,,
204010,,
204011,,
204012,,
204013,,
204014,,
204015,,
204016,,
204017,,
204018,,
204019,,
204020,,
204021,,
204022,,
204023,,
204024,,
204025,,
204026,,
204027,,
204028,,
204029,,
204030,,
204032,,
204033,,
204034,,
204035,,
204036,,
204037,,
204038,,
204039,,
204040,,
204041,,
204042,,
204043,,
204044,,
204045,,
204046,,
204047,,
204048,,
204049,,
204050,,
204051,,
204052,,
204053,,
204054,,
204055,,
204056,,
204057,,
204058,,
204059,,
204100,,
204101,,
204102,,
204103,,
204104,,
204105,,
204106,,
204107,,
204108,,
204109,,
204110,,
204111,,
204112,,
204113,,
204114,,
204115,,
204116,,
204117,,
204118,,
204119,,
204120,,
204121,,
204122,,
204123,,
204124,,
204125,,
204126,,
204127,,
204128,,
204129,,
204130,,
204131,,
204133,,
204134,,
204135,,
204136,,
204137,,
204138,,
204139,,
204140,,
204141,,
204142,,
204143,,
204144,,
204145,,
204146,,
204147,,
204148,,
204149,,
204150,,
204151,,
204152,,
204153,,
204154,,
204155,,
204156,,
204157,,
204158,,
204159,,
204200,,
204201,,
204202,,
204203,,
204204,,
204205,,
204206,,
204207,,
204208,,
204209,,
204210,,
204211,,
204212,,
204213,,
204214,,
204215,,
204216,,
204217,,
204218,,
204219,,
204220,,
204221,,
204222,,
204223,,
204224,,
204225,,
204226,,
204227,,
204228,,
204229,,
204230,,
204231,,
204233,,
204234,,
204235,,
204236,,
204237,,
204238,,
204239,,
204240,,
204241,,
204242,,
204243,,
204244,,
204245,,
204246,,
204247,,
204248,,
204249,,
204250,,
204251,,
204252,,
204253,,
204254,,
204255,,
204256,,
204257,,
204258,,
204259,,
204300,,
204301,,
204302,,
204303,,
204304,,
204305,,
204306,,
204307,,
204308,,
204309,,
204310,,
204311,,
204312,,
204313,,
204314,,
204315,,
204316,,
204317,,
204318,,
204319,,
204320,,
204321,,
204322,,
204323,,
204324,,
204325,,
204326,,
204327,,
204328,,
204330,,
204331,,
204332,,
204333,,
204334,,
204335,,
204336,,
204337,,
204338,,
204339,,
204340,,
204341,,
204342,,
204343,,
204344,,
204345,,
204346,,
204347,,
204348,,
204349,,
204350,,
204351,,
204352,,
204353,,
204354,,
204355,,
204356,,
204357,,
204358,,
204359,,
204400,,
204401,,
204402,,
204403,,
204404,,
204405,,
204406,,
204407,,
204408,,
204409,,
204410,,
204411,,
204412,,
204413,,
204414,,
204415,,
204416,,
204417,,
204418,,
204419,,
204420,,
204421,,
204422,,
204423,,
204424,,
204425,,
204426,,
204427,,
204429,,
204430,,
204431,,
204432,,
204433,,
204434,,
204435,,
204436,,
204437,,
204438,,
204439,,
204440,,
204441,,
204442,,
204443,,
204444,,
204445,,
204446,,
204447,,
204448,,
204449,,
204450,,
204451,,
204452,,
204453,,
204454,,
204455,,
204456,,
204457,,
204458,,
204459,,
204500,,
204501,,
204502,,
204503,,
204504,,
204505,,
204506,,
204507,,
204508,,
204509,,
204510,,
204511,,
204512,,
204513,,
204514,,
204515,,
204516,,
204517,,
204518,,
204519,,
204520,,
204521,,
204522,,
204523,,
204525,,
204526,,
204527,,
204528,,
204529,,
204530,,
204531,,
204532,,
204533,,
204534,,
204535,,
204536,,
204537,,
204538,,
204539,,
204540,,
204541,,
204542,,
204543,,
204544,,
204545,,
204546,,
204547,,
204548,,
204549,,
204550,,
204551,,
204552,,
204553,,
204554,,
204555,,
204556,,
204557,,
204558,,
204559,,
204600,,
204601,,
204602,,
204603,,
204604,,
204605,,
204606,,
204607,,
204608,,
204609,,
204610,,
204611,,
204612,,
204613,,
204614,,
204615,,
204616,,
204617,,
204618,,
204620,,
204621,,
204622,,
204623,,
204624,,
204625,,
204626,,
204627,,
204628,,
204629,,
204630,,
204631,,
204632,,
204633,,
204634,,
204635,,
204636,,
204637,,
204638,,
204639,,
204640,,
204641,,
204642,,
204643,,
204644,,
204645,,
204646,,
204647,,
204648,,
204649,,
204650,,
204651,,
204652,,
204653,,
204654,,
204655,,
204656,,
204657,,
204658,,
204659,,
204700,,
204701,,
204702,,
204703,,
204704,,
204705,,
204706,,
204707,,
204708,,
204709,,
204710,,
204711,,
204712,,
204713,,
204714,,
204715,,
204716,,
204717,,
204719,,
204720,,
204721,,
204722,,
204723,,
204724,,
204725,,
204726,,
204727,,
204728,,
204729,,
204730,,
204731,,
204732,,
204733,,
204734,,
204735,,
204736,,
204737,,
204738,,
204739,,
204740,,
204741,,
204742,,
204743,,
204744,,
204745,,
204746,,
204747,,
204748,,
204749,,
204750,,
204751,,
204752,,
204753,,
204754,,
204755,,
204756,,
204757,,
204758,,
204759,,
204800,,
204801,,
204802,,
204803,,
204804,,
204805,,
204806,,
204807,,
204808,,
204809,,
204810,,
204811,,
204812,,
204813,,
204814,,
204815,,
204817,,
204818,,
204819,,
204820,,
204821,,
204822,,
204823,,
204824,,
204825,,
204826,,
204827,,
204828,,
204829,,
204830,,
204831,,
204832,,
204833,,
204834,,
204835,,
204836,,
204837,,
204838,,
204839,,
204840,,
204841,,
204842,,
204843,,
204844,,
204845,,
204846,,
204847,,
204848,,
204849,,
204850,,
204851,,
204852,,
204853,,
204854,,
204855,,
204856,,
204857,,
204858,,
204859,,
204900,,
204901,,
204902,,
204903,,
204904,,
204905,,
204906,,
204907,,
204908,,
204909,,
204910,,
204911,,
204913,,
204914,,
204915,,
204916,,
204917,,
204918,,
204919,,
204920,,
204921,,
204922,,
204923,,
204924,,
204925,,
204926,,
204927,,
204928,,
204929,,
204930,,
204931,,
204932,,
204933,,
204934,,
204935,,
204936,,
204937,,
204938,,
204939,,
204940,,
204941,,
204942,,
204943,,
204944,,
204945,,
204946,,
204947,,
204948,,
204949,,
204950,,
204951,,
204952,,
204953,,
204954,,
204955,,
204956,,
204957,,
204958,,
204959,,
205000,,
205001,,
205002,,
205003,,
205004,,
205005,,
205006,,
205007,,
205008,,
205009,,
205010,,
205012,,
205013,,
205014,,
205015,,
205016,,
205017,,
205018,,
205019,,
205020,,
205021,,
205022,,
205023,,
205024,,
205025,,
205026,,
205027,,
205028,,
205029,,
205030,,
205031,,
205032,,
205033,,
205034,,
205035,,
205036,,
205037,,
205038,,
205039,,
205040,,
205041,,
205042,,
205043,,
205044,,
205045,,
205046,,
205047,,
205048,,
205049,,
205050,,
205051,,
205052,,
205053,,
205054,,
205055,,
205056,,
205057,,
205058,,
205059,,
205100,,
205101,,
205102,,
205103,,
205104,,
205105,,
205106,,
205107,,
205108,,
205109,,
205111,,
205112,,
205113,,
205114,,
205115,,
205116,,
205117,,
205118,,
205119,,
205120,,
205121,,
205122,,
205123,,
205124,,
205125,,
205126,,
205127,,
205128,,
205129,,
205130,,
205131,,
205132,,
205133,,
205134,,
205135,,
205136,,
205137,,
205138,,
205139,,
205140,,
205141,,
205142,,
205143,,
205144,,
205145,,
205146,,
205147,,
205148,,
205149,,
205150,,
205151,,
205152,,
205153,,
205154,,
205155,,
205156,,
205157,,
205158,,
205159,,
205200,,
205201,,
205202,,
205203,,
205204,,
205205,,
205207,,
205208,,
205209,,
205210,,
205211,,
205212,,
205213,,
205214,,
205215,,
205216,,
205217,,
205218,,
205219,,
205220,,
205221,,
205222,,
205223,,
205224,,
205225,,
205226,,
205227,,
205228,,
205229,,
205230,,
205231,,
205232,,
205233,,
205234,,
205235,,
205236,,
205237,,
205238,,
205239,,
205240,,
205241,,
205242,,
205243,,
205244,,
205245,,
205246,,
205247,,
205248,,
205249,,
205250,,
205251,,
205252,,
205253,,
205254,,
205255,,
205256,,
205257,,
205258,,
205259,,
205300,,
205302,,
205303,,
205304,,
205305,,
205306,,
205307,,
205308,,
205309,,
205310,,
205311,,
205312,,
205313,,
205314,,
205315,,
205316,,
205317,,
205318,,
205319,,
205320,,
205321,,
205322,,
205323,,
205324,,
205325,,
205326,,
205327,,
205328,,
205329,,
205330,,
205331,,
205332,,
205333,,
205334,,
205335,,
205336,,
205337,,
205338,,
205339,,
205340,,
205341,,
205342,,
205343,,
205344,,
205345,,
205346,,
205347,,
205348,,
205349,,
205350,,
205351,,
205352,,
205353,,
205354,,
205355,,
205357,,
205358,,
205359,,
205400,,
205401,,
205402,,
205403,,
205404,,
205405,,
205406,,
205407,,
205408,,
205409,,
205410,,
205411,,
205412,,
205413,,
205414,,
205415,,
205416,,
205417,,
205418,,
205419,,
205420,,
205421,,
205422,,
205423,,
205424,,
205425,,
205426,,
205427,,
205428,,
205429,,
205430,,
205431,,
205432,,
205433,,
205434,,
205435,,
205436,,
205437,,
205438,,
205439,,
205440,,
205441,,
205442,,
205443,,
205444,,
205445,,
205446,,
205447,,
205448,,
205449,,
205450,,
205451,,
205453,,
205454,,
205455,,
205456,,
205457,,
205458,,
205459,,
205500,,
205501,,
205502,,
205503,,
205504,,
205505,,
205506,,
205507,,
205508,,
205509,,
205510,,
205511,,
205512,,
205513,,
205514,,
205515,,
205516,,
205517,,
205518,,
205519,,
205520,,
205521,,
205522,,
205523,,
205524,,
205525,,
205526,,
205527,,
205528,,
205529,,
205530,,
205531,,
205532,,
205533,,
205534,,
205535,,
205536,,
205537,,
205538,,
205539,,
205540,,
205541,,
205542,,
205544,,
205545,,
205546,,
205547,,
205548,,
205549,,
205550,,
205551,,
205552,,
205553,,
205554,,
205555,,
205556,,
205557,,
205558,,
205559,,
205600,,
205601,,
205602,,
205603,,
205604,,
205605,,
205606,,
205607,,
205608,,
205609,,
205610,,
205611,,
205612,,
205613,,
205614,,
205615,,
205616,,
205617,,
205618,,
205619,,
205620,,
205621,,
205622,,
205623,,
205624,,
205625,,
205626,,
205627,,
205628,,
205629,,
205630,,
205631,,
205632,,
205633,,
205634,,
205635,,
205636,,
205637,,
205638,,
205639,,
205641,,
205642,,
205643,,
205644,,
205645,,
205646,,
205647,,
205648,,
205649,,
205650,,
205651,,
205652,,
205653,,
205654,,
205655,,
205656,,
205657,,
205658,,
205659,,
205700,,
205701,,
205702,,
205703,,
205704,,
205705,,
205706,,
205707,,
205708,,
205709,,
205710,,
205711,,
205712,,
205713,,
205714,,
205715,,
205716,,
205717,,
205718,,
205719,,
205720,,
205721,,
205722,,
205723,,
205724,,
205725,,
205726,,
205727,,
205728,,
205729,,
205730,,
205731,,
205732,,
205733,,
205735,,
205736,,
205737,,
205738,,
205739,,
205740,,
205741,,
205742,,
205743,,
205744,,
205745,,
205746,,
205747,,
205748,,
205749,,
205750,,
205751,,
205752,,
205753,,
205754,,
205755,,
205756,,
205757,,
205758,,
205759,,
205800,,
205801,,
205802,,
205803,,
205804,,
205805,,
205806,,
205807,,
205808,,
205809,,
205810,,
205811,,
205812,,
205813,,
205814,,
205815,,
205816,,
205817,,
205818,,
205819,,
205820,,
205821,,
205822,,
205823,,
205824,,
205825,,
205826,,
205827,,
205828,,
205829,,
205830,,
205832,,
205833,,
205834,,
205835,,
205836,,
205837,,
205838,,
205839,,
205840,,
205841,,
205842,,
205843,,
205844,,
205845,,
205846,,
205847,,
205848,,
205849,,
205850,,
205851,,
205852,,
205853,,
205854,,
205855,,
205856,,
205857,,
205858,,
205859,,
205900,,
205901,,
205902,,
205903,,
205904,,
205905,,
205906,,
205907,,
205908,,
205909,,
205910,,
205911,,
205912,,
205913,,
205914,,
205915,,
205916,,
205917,,
205918,,
205919,,
205920,,
205921,,
205922,,
205923,,
205924,,
205925,,
205926,,
205927,,
205928,,
205929,,
205930,,
205931,,
205933,,
