211106,,
211107,,
211108,,
211109,,
211110,,
211111,,
211112,,
211113,,
211114,,
211115,,
211116,,
211117,,
211118,,
211119,,
211120,,
211121,,
211122,,
211123,,
211124,,
211125,,
211126,,
211127,,
211128,,
211129,,
211130,,
211131,,
211132,,
211134,,
211135,,
211136,,
211137,,
211138,,
211139,,
211140,,
211141,,
211142,,
211143,,
211144,,
211145,,
211146,,
211147,,
211148,,
211149,,
211150,,
211151,,
211152,,
211153,,
211154,,
211155,,
211156,,
211157,,
211158,,
211159,,
211200,,
211201,,
211202,,
211203,,
211204,,
211205,,
211206,,
211207,,
211208,,
211209,,
211210,,
211211,,
211212,,
211213,,
211214,,
211215,,
211216,,
211217,,
211218,,
211219,,
211220,,
211221,,
211222,,
211223,,
211224,,
211225,,
211226,,
211227,,
211229,,
211230,,
211231,,
211232,,
211233,,
211234,,
211235,,
211236,,
211237,,
211238,,
211239,,
211240,,
211241,,
211242,,
211243,,
211244,,
211245,,
211246,,
211247,,
211248,,
211249,,
211250,,
211251,,
211252,,
211253,,
211254,,
211255,,
211256,,
211257,,
211258,,
211259,,
211300,,
211301,,
211302,,
211303,,
211304,,
211305,,
211306,,
211307,,
211308,,
211309,,
211310,,
211311,,
211312,,
211313,,
211314,,
211315,,
211316,,
211317,,
211318,,
211319,,
211320,,
211321,,
211322,,
211323,,
211324,,
211325,,
211327,,
211328,,
211329,,
211330,,
211331,,
211332,,
211333,,
211334,,
211335,,
211336,,
211337,,
211338,,
211339,,
211340,,
211341,,
211342,,
211343,,
211344,,
211345,,
211346,,
211347,,
211348,,
211349,,
211350,,
211351,,
211352,,
211353,,
211354,,
211355,,
211356,,
211357,,
211358,,
211359,,
211400,,
211401,,
211402,,
211403,,
211404,,
211405,,
211406,,
211407,,
211408,,
211409,,
211410,,
211411,,
211412,,
211413,,
211414,,
211415,,
211416,,
211417,,
211418,,
211419,,
211420,,
211421,,
211422,,
211424,,
211425,,
211426,,
211427,,
211428,,
211429,,
211430,,
211431,,
211432,,
211433,,
211434,,
211435,,
211436,,
211437,,
211438,,
211439,,
211440,,
211441,,
211442,,
211443,,
211444,,
211445,,
211446,,
211447,,
211448,,
211449,,
211450,,
211451,,
211452,,
211453,,
211454,,
211455,,
211456,,
211457,,
211458,,
211459,,
211500,,
211501,,
211502,,
211503,,
211504,,
211505,,
211506,,
211507,,
211508,,
211509,,
211510,,
211511,,
211512,,
211513,,
211514,,
211515,,
211516,,
211517,,
211519,,
211520,,
211521,,
211522,,
211523,,
211524,,
211525,,
211526,,
211527,,
211528,,
211529,,
211530,,
211531,,
211532,,
211533,,
211534,,
211535,,
211536,,
211537,,
211538,,
211539,,
211540,,
211541,,
211542,,
211543,,
211544,,
211545,,
211546,,
211547,,
211548,,
211549,,
211550,,
211551,,
211552,,
211553,,
211554,,
211555,,
211556,,
211557,,
211558,,
211559,,
211600,,
211601,,
211602,,
211603,,
211604,,
211605,,
211606,,
211607,,
211608,,
211609,,
211610,,
211611,,
211612,,
211613,,
211614,,
211615,,
211616,,
211617,,
211619,,
211620,,
211621,,
211622,,
211623,,
211624,,
211625,,
211626,,
211627,,
211628,,
211629,,
211630,,
211631,,
211632,,
211633,,
211634,,
211635,,
211636,,
211637,,
211638,,
211639,,
211640,,
211641,,
211642,,
211643,,
211644,,
211645,,
211646,,
211647,,
211648,,
211649,,
211650,,
211651,,
211652,,
211653,,
211654,,
211655,,
211656,,
211657,,
211658,,
211659,,
211700,,
211701,,
211702,,
211703,,
211704,,
211705,,
211706,,
211707,,
211708,,
211709,,
211710,,
211711,,
211712,,
211713,,
211714,,
211715,,
211716,,
211717,,
211719,,
211720,,
211721,,
211722,,
211723,,
211724,,
211725,,
211726,,
211727,,
211728,,
211729,,
211730,,
211731,,
211732,,
211733,,
211734,,
211735,,
211736,,
211737,,
211738,,
211739,,
211740,,
211741,,
211742,,
211743,,
211744,,
211745,,
211746,,
211747,,
211748,,
211749,,
211750,,
211751,,
211752,,
211753,,
211754,,
211755,,
211756,,
211757,,
211758,,
211759,,
211800,,
211801,,
211802,,
211803,,
211804,,
211805,,
211806,,
211807,,
211808,,
211809,,
211810,,
211811,,
211812,,
211813,,
211815,,
211816,,
211817,,
211818,,
211819,,
211820,,
211821,,
211822,,
211823,,
211824,,
211825,,
211826,,
211827,,
211828,,
211829,,
211830,,
211831,,
211832,,
211833,,
211834,,
211835,,
211836,,
211837,,
211838,,
211839,,
211840,,
211841,,
211842,,
211843,,
211844,,
211845,,
211846,,
211847,,
211848,,
211849,,
211850,,
211851,,
211852,,
211853,,
211854,,
211855,,
211856,,
211857,,
211858,,
211859,,
211900,,
211901,,
211902,,
211903,,
211904,,
211905,,
211906,,
211907,,
211908,,
211910,,
211911,,
211912,,
211913,,
211914,,
211915,,
211916,,
211917,,
211918,,
211919,,
211920,,
211921,,
211922,,
211923,,
211924,,
211925,,
211926,,
211927,,
211928,,
211929,,
211930,,
211931,,
211932,,
211933,,
211934,,
211935,,
211936,,
211937,,
211938,,
211939,,
211940,,
211941,,
211942,,
211943,,
211944,,
211945,,
211946,,
211947,,
211948,,
211949,,
211950,,
211951,,
211952,,
211953,,
211954,,
211955,,
211956,,
211957,,
211958,,
211959,,
212000,,
212001,,
212002,,
212003,,
212004,,
212005,,
212006,,
212007,,
212008,,
212009,,
212011,,
212012,,
212013,,
212014,,
212015,,
212016,,
212017,,
212018,,
212019,,
212020,,
212021,,
212022,,
212023,,
212024,,
212025,,
212026,,
212027,,
212028,,
212029,,
212030,,
212031,,
212032,,
212033,,
212034,,
212035,,
212036,,
212037,,
212038,,
212039,,
212040,,
212041,,
212042,,
212043,,
212044,,
212045,,
212046,,
212047,,
212048,,
212049,,
212050,,
212051,,
212052,,
212053,,
212054,,
212055,,
212056,,
212057,,
212058,,
212059,,
212100,,
212101,,
212102,,
212103,,
212104,,
212105,,
212106,,
212107,,
212109,,
212110,,
212111,,
212112,,
212113,,
212114,,
212115,,
212116,,
212117,,
212118,,
212119,,
212120,,
212121,,
212122,,
212123,,
212124,,
212125,,
212126,,
212127,,
212128,,
212129,,
212130,,
212131,,
212132,,
212133,,
212134,,
212135,,
212136,,
212137,,
212138,,
212139,,
212140,,
212141,,
212142,,
212143,,
212144,,
212145,,
212146,,
212147,,
212148,,
212149,,
212150,,
212151,,
212152,,
212153,,
212154,,
212155,,
212156,,
212157,,
212158,,
212159,,
212200,,
212201,,
212202,,
212203,,
212204,,
212205,,
212207,,
212208,,
212209,,
212210,,
212211,,
212212,,
212213,,
212214,,
212215,,
212216,,
212217,,
212218,,
212219,,
212220,,
212221,,
212222,,
212223,,
212224,,
212225,,
212226,,
212227,,
212228,,
212229,,
212230,,
212231,,
212232,,
212233,,
212234,,
212235,,
212236,,
212237,,
212238,,
212239,,
212240,,
212241,,
212242,,
212243,,
212244,,
212245,,
212246,,
212247,,
212248,,
212249,,
212250,,
212251,,
212252,,
212253,,
212254,,
212255,,
212256,,
212257,,
212258,,
212259,,
212300,,
212301,,
212302,,
212303,,
212304,,
212305,,
212307,,
212308,,
212309,,
212310,,
212311,,
212312,,
212313,,
212314,,
212315,,
212316,,
212317,,
212318,,
212319,,
212320,,
212321,,
212322,,
212323,,
212324,,
212325,,
212326,,
212327,,
212328,,
212329,,
212330,,
212331,,
212332,,
212333,,
212334,,
212335,,
212336,,
212337,,
212338,,
212339,,
212340,,
212341,,
212342,,
212343,,
212344,,
212345,,
212346,,
212347,,
212348,,
212349,,
212350,,
212351,,
212352,,
212353,,
212354,,
212355,,
212356,,
212357,,
212358,,
212359,,
212400,,
212401,,
212402,,
212403,,
212404,,
212405,,
212407,,
212408,,
212409,,
212410,,
212411,,
212412,,
212413,,
212414,,
212415,,
212416,,
212417,,
212418,,
212419,,
212420,,
212421,,
212422,,
212423,,
212424,,
212425,,
212426,,
212427,,
212428,,
212429,,
212430,,
212431,,
212432,,
212433,,
212434,,
212435,,
212436,,
212437,,
212438,,
212439,,
212440,,
212441,,
212442,,
212443,,
212444,,
212445,,
212446,,
212447,,
212448,,
212449,,
212450,,
212451,,
212452,,
212453,,
212454,,
212455,,
212456,,
212457,,
212458,,
212459,,
212500,,
212501,,
212502,,
212504,,
212505,,
212506,,
212507,,
212508,,
212509,,
212510,,
212511,,
212512,,
212513,,
212514,,
212515,,
212516,,
212517,,
212518,,
212519,,
212520,,
212521,,
212522,,
212523,,
212524,,
212525,,
212526,,
212527,,
212528,,
212529,,
212530,,
212531,,
212532,,
212533,,
212534,,
212535,,
212536,,
212537,,
212538,,
212539,,
212540,,
212541,,
212542,,
212543,,
212544,,
212545,,
212546,,
212547,,
212548,,
212549,,
212550,,
212551,,
212552,,
212553,,
212554,,
212555,,
212556,,
212557,,
212558,,
212559,,
212600,,
212601,,
212602,,
212603,,
212604,,
212606,,
212607,,
212608,,
212609,,
212610,,
212611,,
212612,,
212613,,
212614,,
212615,,
212616,,
212617,,
212618,,
212619,,
212620,,
212621,,
212622,,
212623,,
212624,,
212625,,
212626,,
212627,,
212628,,
212629,,
212630,,
212631,,
212632,,
212633,,
212634,,
212635,,
212636,,
212637,,
212638,,
212639,,
212640,,
212641,,
212642,,
212643,,
212644,,
212645,,
212646,,
212647,,
212648,,
212649,,
212650,,
212651,,
212652,,
212653,,
212654,,
212655,,
212656,,
212657,,
212658,,
212659,,
212700,,
212701,,
212703,,
212704,,
212705,,
212706,,
212707,,
212708,,
212709,,
212710,,
212711,,
212712,,
212713,,
212714,,
212715,,
212716,,
212717,,
212718,,
212719,,
212720,,
212721,,
212722,,
212723,,
212724,,
212725,,
212726,,
212727,,
212728,,
212729,,
212730,,
212731,,
212732,,
212733,,
212734,,
212735,,
212736,,
212737,,
212738,,
212739,,
212740,,
212741,,
212742,,
212743,,
212744,,
212745,,
212746,,
212747,,
212748,,
212749,,
212750,,
212751,,
212752,,
212753,,
212754,,
212755,,
212756,,
212757,,
212759,,
212800,,
212801,,
212802,,
212803,,
212804,,
212805,,
212806,,
212807,,
212808,,
212809,,
212810,,
212811,,
212812,,
212813,,
212814,,
212815,,
212816,,
212817,,
212818,,
212819,,
212820,,
212821,,
212822,,
212823,,
212824,,
212825,,
212826,,
212827,,
212828,,
212829,,
212830,,
212831,,
212832,,
212833,,
212834,,
212835,,
212836,,
212837,,
212838,,
212839,,
212840,,
212841,,
212842,,
212843,,
212844,,
212845,,
212846,,
212847,,
212848,,
212849,,
212850,,
212851,,
212852,,
212853,,
212855,,
212856,,
212857,,
212858,,
212859,,
212900,,
212901,,
212902,,
212903,,
212904,,
212905,,
212906,,
212907,,
212908,,
212909,,
212910,,
212911,,
212912,,
212913,,
212914,,
212915,,
212916,,
212917,,
212918,,
212919,,
212920,,
212921,,
212922,,
212923,,
212924,,
212925,,
212926,,
212927,,
212928,,
212929,,
212930,,
212931,,
212932,,
212933,,
212934,,
212935,,
212936,,
212937,,
212938,,
212939,,
212940,,
212941,,
212942,,
212943,,
212944,,
212945,,
212947,,
212948,,
212949,,
212950,,
212951,,
212952,,
212953,,
212954,,
212955,,
212956,,
212957,,
212958,,
212959,,
213000,,
213001,,
213002,,
213003,,
213004,,
213005,,
213006,,
213007,,
213008,,
213009,,
213010,,
213011,,
213012,,
213013,,
213014,,
213015,,
213016,,
213017,,
213018,,
213019,,
213020,,
213021,,
213022,,
213023,,
213024,,
213025,,
213026,,
213027,,
213028,,
213029,,
213030,,
213031,,
213032,,
213033,,
213034,,
213035,,
213036,,
213037,,
213038,,
213039,,
213041,,
213042,,
213043,,
213044,,
213045,,
213046,,
213047,,
213048,,
213049,,
213050,,
213051,,
213052,,
213053,,
213054,,
213055,,
213056,,
213057,,
213058,,
213059,,
213100,,
213101,,
213102,,
213103,,
213104,,
213105,,
213106,,
213107,,
213108,,
213109,,
213110,,
213111,,
213112,,
213113,,
213114,,
213115,,
213116,,
213117,,
213118,,
213119,,
213120,,
213121,,
213122,,
213123,,
213124,,
213125,,
213126,,
213127,,
213128,,
213129,,
213130,,
213131,,
213132,,
213133,,
213134,,
213135,,
213136,,
213137,,
213138,,
213139,,
213140,,
213141,,
213142,,
213144,,
213145,,
213146,,
213147,,
213148,,
213149,,
213150,,
213151,,
213152,,
213153,,
213154,,
213155,,
213156,,
213157,,
213158,,
213159,,
213200,,
213201,,
213202,,
213203,,
213204,,
213205,,
213206,,
213207,,
213208,,
213209,,
213210,,
213211,,
213212,,
213213,,
213214,,
213215,,
213216,,
213217,,
213218,,
213219,,
213220,,
213221,,
213222,,
213223,,
213224,,
213225,,
213226,,
213227,,
213228,,
213229,,
213230,,
213231,,
213232,,
213233,,
213234,,
213235,,
213237,,
213238,,
213239,,
213240,,
213241,,
213242,,
213243,,
213244,,
213245,,
213246,,
213247,,
213248,,
213249,,
213250,,
213251,,
213252,,
213253,,
213254,,
213255,,
213256,,
213257,,
213258,,
213259,,
213300,,
213301,,
213302,,
213303,,
213304,,
213305,,
213306,,
213307,,
213308,,
213309,,
213310,,
213311,,
213312,,
213313,,
213314,,
213315,,
213316,,
213317,,
213318,,
213319,,
213320,,
213321,,
213322,,
213323,,
213324,,
213325,,
213326,,
213327,,
213328,,
213329,,
213330,,
213331,,
213332,,
213334,,
213335,,
213336,,
213337,,
213338,,
213339,,
213340,,
213341,,
213342,,
213343,,
213344,,
213345,,
213346,,
213347,,
213348,,
213349,,
213350,,
213351,,
213352,,
213353,,
213354,,
213355,,
213356,,
213357,,
213358,,
213359,,
213400,,
213401,,
213402,,
213403,,
213404,,
213405,,
213406,,
213407,,
213408,,
213409,,
213410,,
213411,,
213412,,
213413,,
213414,,
213415,,
213416,,
213417,,
213418,,
213419,,
213420,,
213421,,
213422,,
213423,,
213424,,
213425,,
213426,,
213427,,
213428,,
213429,,
213431,,
213432,,
213433,,
213434,,
213435,,
213436,,
213437,,
213438,,
213439,,
213440,,
213441,,
213442,,
213443,,
213444,,
213445,,
213446,,
213447,,
213448,,
213449,,
213450,,
213451,,
213452,,
213453,,
213454,,
213455,,
213456,,
213457,,
213458,,
213459,,
213500,,
213501,,
213502,,
213503,,
213504,,
213505,,
213506,,
213507,,
213508,,
213509,,
213510,,
213511,,
213512,,
213513,,
213514,,
213515,,
213516,,
213517,,
213518,,
213519,,
213520,,
213521,,
213522,,
213523,,
213524,,
213525,,
213526,,
213527,,
213529,,
213530,,
213531,,
213532,,
213533,,
213534,,
213535,,
213536,,
213537,,
213538,,
213539,,
213540,,
213541,,
213542,,
213543,,
213544,,
213545,,
213546,,
213547,,
213548,,
213549,,
213550,,
213551,,
213552,,
213553,,
213554,,
213555,,
213556,,
213557,,
213558,,
213559,,
213600,,
213601,,
213602,,
213603,,
213604,,
213605,,
213606,,
213607,,
213608,,
213609,,
213610,,
213611,,
213612,,
213613,,
213614,,
213615,,
213616,,
213617,,
213618,,
213619,,
213620,,
213621,,
213622,,
213623,,
213624,,
213626,,
213627,,
213628,,
213629,,
213630,,
213631,,
213632,,
213633,,
213634,,
213635,,
213636,,
213637,,
213638,,
213639,,
213640,,
213641,,
213642,,
213643,,
213644,,
213645,,
213646,,
213647,,
213648,,
213649,,
213650,,
213651,,
213652,,
213653,,
213654,,
213655,,
213656,,
213657,,
213658,,
213659,,
213700,,
213701,,
213702,,
213703,,
213704,,
213705,,
213706,,
213707,,
213708,,
213709,,
213710,,
213711,,
213712,,
213713,,
213714,,
213715,,
213716,,
213717,,
213718,,
213719,,
213720,,
213721,,
213722,,
213723,,
213725,,
213726,,
213727,,
213728,,
213729,,
213730,,
213731,,
213732,,
213733,,
213734,,
213735,,
213736,,
213737,,
213738,,
213739,,
213740,,
213741,,
213742,,
213743,,
213744,,
213745,,
213746,,
213747,,
213748,,
213749,,
213750,,
213751,,
213752,,
213753,,
213754,,
213755,,
213756,,
213757,,
213758,,
213759,,
213800,,
213801,,
213802,,
213803,,
213804,,
213805,,
213806,,
213807,,
213808,,
213809,,
213810,,
213811,,
213812,,
213813,,
213814,,
213815,,
213816,,
213817,,
213818,,
213820,,
213821,,
213822,,
213823,,
213824,,
213825,,
213826,,
213827,,
213828,,
213829,,
213830,,
213831,,
213832,,
213833,,
213834,,
213835,,
213836,,
213837,,
213838,,
213839,,
213840,,
213841,,
213842,,
213843,,
213844,,
213845,,
213846,,
213847,,
213848,,
213849,,
213850,,
213851,,
213852,,
213853,,
213854,,
213855,,
213856,,
213857,,
213858,,
213859,,
213900,,
213901,,
213902,,
213903,,
213904,,
213905,,
213906,,
213908,,
213909,,
213910,,
213911,,
213912,,
213913,,
213914,,
213915,,
213916,,
213917,,
213918,,
213919,,
213920,,
213921,,
213922,,
213923,,
213924,,
213925,,
213926,,
213927,,
213928,,
213929,,
213930,,
213931,,
213932,,
213933,,
213934,,
213935,,
213936,,
213937,,
213938,,
213939,,
213940,,
213941,,
213942,,
213943,,
213944,,
213945,,
213946,,
213947,,
213948,,
213949,,
213950,,
213951,,
213952,,
213953,,
213954,,
213955,,
213956,,
213957,,
213958,,
214000,,
214001,,
214002,,
214003,,
214004,,
214005,,
214006,,
214007,,
214008,,
214009,,
214010,,
214011,,
214012,,
214013,,
214014,,
214015,,
214016,,
214017,,
214018,,
214019,,
214020,,
214021,,
214022,,
214023,,
214024,,
214025,,
214026,,
214027,,
214028,,
214029,,
214030,,
214031,,
214032,,
214033,,
214034,,
214035,,
214036,,
214037,,
214038,,
214039,,
214040,,
214041,,
214042,,
214043,,
214044,,
214045,,
214046,,
214047,,
214048,,
214049,,
214051,,
214052,,
214053,,
214054,,
214055,,
214056,,
214057,,
214058,,
214059,,
214100,,
214101,,
214102,,
214103,,
214104,,
214105,,
214106,,
214107,,
214108,,
214109,,
214110,,
214111,,
214112,,
214113,,
214114,,
214115,,
214116,,
214117,,
214118,,
214119,,
214120,,
214121,,
214122,,
214123,,
214124,,
214125,,
214126,,
214127,,
214128,,
214129,,
214130,,
214131,,
214132,,
214133,,
214134,,
214135,,
214136,,
214137,,
214138,,
214139,,
214140,,
214141,,
214143,,
214144,,
214145,,
214146,,
214147,,
214148,,
214149,,
214150,,
214151,,
214152,,
214153,,
214154,,
214155,,
214156,,
214157,,
214158,,
214159,,
214200,,
214201,,
214202,,
214203,,
214204,,
214205,,
214206,,
214207,,
214208,,
214209,,
214210,,
214211,,
214212,,
214213,,
214214,,
214215,,
214216,,
214217,,
214218,,
214219,,
214220,,
214221,,
214222,,
214223,,
214224,,
214225,,
214226,,
214227,,
214228,,
214229,,
214230,,
214231,,
214232,,
214233,,
214234,,
214235,,
214236,,
214237,,
214239,,
214240,,
214241,,
214242,,
214243,,
214244,,
214245,,
214246,,
214247,,
214248,,
214249,,
214250,,
214251,,
214252,,
214253,,
214254,,
214255,,
214256,,
214257,,
214258,,
214259,,
214300,,
214301,,
214302,,
214303,,
214304,,
214305,,
214306,,
214307,,
214308,,
214309,,
214310,,
214311,,
214312,,
214313,,
214314,,
214315,,
214316,,
214317,,
214318,,
214319,,
214320,,
214321,,
214322,,
214323,,
214324,,
214325,,
214326,,
214327,,
214328,,
214329,,
214331,,
214332,,
214333,,
214334,,
214335,,
214336,,
214337,,
214338,,
214339,,
214340,,
214341,,
214342,,
214343,,
214344,,
214345,,
214346,,
214347,,
214348,,
214349,,
214350,,
214351,,
214352,,
214353,,
214354,,
214355,,
214356,,
214357,,
214358,,
214359,,
214400,,
214401,,
214402,,
214403,,
214404,,
214405,,
214406,,
214407,,
214408,,
214409,,
214410,,
214411,,
214412,,
214413,,
214414,,
214415,,
214416,,
214417,,
214418,,
214419,,
214420,,
214421,,
214422,,
214423,,
214424,,
214426,,
214427,,
214428,,
214429,,
214430,,
214431,,
214432,,
214433,,
214434,,
214435,,
214436,,
214437,,
214438,,
214439,,
214440,,
214441,,
214442,,
214443,,
214444,,
214445,,
214446,,
214447,,
214448,,
214449,,
214450,,
214451,,
214452,,
214453,,
214454,,
214455,,
214456,,
214457,,
214458,,
214459,,
214500,,
214501,,
214502,,
214503,,
214504,,
214505,,
214506,,
214507,,
214508,,
214509,,
214510,,
214511,,
214512,,
214513,,
214514,,
214515,,
214517,,
214518,,
214519,,
214520,,
214521,,
214522,,
214523,,
214524,,
214525,,
214526,,
214527,,
214528,,
214529,,
214530,,
214531,,
214532,,
214533,,
214534,,
214535,,
214536,,
214537,,
214538,,
214539,,
214540,,
214541,,
214542,,
214543,,
214544,,
214545,,
214546,,
214547,,
214548,,
214549,,
214550,,
214551,,
214552,,
214553,,
214554,,
214555,,
214556,,
214557,,
214558,,
214559,,
214600,,
214601,,
214602,,
214603,,
214604,,
214605,,
214606,,
214607,,
214608,,
