200931,,
200932,,
200933,,
200934,,
200935,,
200936,,
200937,,
200938,,
200939,,
200940,,
200941,,
200942,,
200943,,
200944,,
200945,,
200946,,
200947,,
200948,,
200949,,
200950,,
200951,,
200952,,
200953,,
200954,,
200955,,
200956,,
200957,,
200958,,
200959,,
201000,,
201001,,
201003,,
201004,,
201005,,
201006,,
201007,,
201008,,
201009,,
201010,,
201011,,
201012,,
201013,,
201014,,
201015,,
201016,,
201017,,
201018,,
201019,,
201020,,
201021,,
201022,,
201023,,
201024,,
201025,,
201026,,
201027,,
201028,,
201029,,
201030,,
201031,,
201032,,
201033,,
201034,,
201035,,
201036,,
201037,,
201038,,
201039,,
201040,,
201041,,
201042,,
201043,,
201044,,
201045,,
201046,,
201047,,
201048,,
201049,,
201050,,
201051,,
201052,,
201053,,
201054,,
201055,,
201056,,
201057,,
201058,,
201059,,
201101,,
201102,,
201103,,
201104,,
201105,,
201106,,
201107,,
201108,,
201109,,
201110,,
201111,,
201112,,
201113,,
201114,,
201115,,
201116,,
201117,,
201118,,
201119,,
201120,,
201121,,
201122,,
201123,,
201124,,
201125,,
201126,,
201127,,
201128,,
201129,,
201130,,
201131,,
201132,,
201133,,
201134,,
201135,,
201136,,
201137,,
201138,,
201139,,
201140,,
201141,,
201142,,
201143,,
201144,,
201145,,
201146,,
201147,,
201148,,
201149,,
201150,,
201151,,
201152,,
201153,,
201154,,
201155,,
201156,,
201157,,
201158,,
201200,,
201201,,
201202,,
201203,,
201204,,
201205,,
201206,,
201207,,
201208,,
201209,,
201210,,
201211,,
201212,,
201213,,
201214,,
201215,,
201216,,
201217,,
201218,,
201219,,
201220,,
201221,,
201222,,
201223,,
201224,,
201225,,
201226,,
201227,,
201228,,
201229,,
201230,,
201231,,
201232,,
201233,,
201234,,
201235,,
201236,,
201237,,
201238,,
201239,,
201240,,
201241,,
201242,,
201243,,
201244,,
201245,,
201246,,
201247,,
201248,,
201249,,
201250,,
201251,,
201252,,
201253,,
201254,,
201255,,
201257,,
201258,,
201259,,
201300,,
201301,,
201302,,
201303,,
201304,,
201305,,
201306,,
201307,,
201308,,
201309,,
201310,,
201311,,
201312,,
201313,,
201314,,
201315,,
201316,,
201317,,
201318,,
201319,,
201320,,
201321,,
201322,,
201323,,
201324,,
201325,,
201326,,
201327,,
201328,,
201329,,
201330,,
201331,,
201332,,
201333,,
201334,,
201335,,
201336,,
201337,,
201338,,
201339,,
201340,,
201341,,
201342,,
201343,,
201344,,
201345,,
201346,,
201347,,
201348,,
201349,,
201350,,
201351,,
201352,,
201353,,
201354,,
201356,,
201357,,
201358,,
201359,,
201400,,
201401,,
201402,,
201403,,
201404,,
201405,,
201406,,
201407,,
201408,,
201409,,
201410,,
201411,,
201412,,
201413,,
201414,,
201415,,
201416,,
201417,,
201418,,
201419,,
201420,,
201421,,
201422,,
201423,,
201424,,
201425,,
201426,,
201427,,
201428,,
201429,,
201430,,
201431,,
201432,,
201433,,
201434,,
201435,,
201436,,
201437,,
201438,,
201439,,
201440,,
201441,,
201442,,
201443,,
201444,,
201445,,
201446,,
201447,,
201448,,
201449,,
201450,,
201451,,
201452,,
201453,,
201455,,
201456,,
201457,,
201458,,
201459,,
201500,,
201501,,
201502,,
201503,,
201504,,
201505,,
201506,,
201507,,
201508,,
201509,,
201510,,
201511,,
201512,,
201513,,
201514,,
201515,,
201516,,
201517,,
201518,,
201519,,
201520,,
201521,,
201522,,
201523,,
201524,,
201525,,
201526,,
201527,,
201528,,
201529,,
201530,,
201531,,
201532,,
201533,,
201534,,
201535,,
201536,,
201537,,
201538,,
201539,,
201540,,
201541,,
201542,,
201543,,
201544,,
201545,,
201546,,
201547,,
201548,,
201550,,
201551,,
201552,,
201553,,
201554,,
201555,,
201556,,
201557,,
201558,,
201559,,
201600,,
201601,,
201602,,
201603,,
201604,,
201605,,
201606,,
201607,,
201608,,
201609,,
201610,,
201611,,
201612,,
201613,,
201614,,
201615,,
201616,,
201617,,
201618,,
201619,,
201620,,
201621,,
201622,,
201623,,
201624,,
201625,,
201626,,
201627,,
201628,,
201629,,
201630,,
201631,,
201632,,
201633,,
201634,,
201635,,
201636,,
201637,,
201638,,
201639,,
201640,,
201641,,
201642,,
201643,,
201644,,
201646,,
201647,,
201648,,
201649,,
201650,,
201651,,
201652,,
201653,,
201654,,
201655,,
201656,,
201657,,
201658,,
201659,,
201700,,
201701,,
201702,,
201703,,
201704,,
201705,,
201706,,
201707,,
201708,,
201709,,
201710,,
201711,,
201712,,
201713,,
201714,,
201715,,
201716,,
201717,,
201718,,
201719,,
201720,,
201721,,
201722,,
201723,,
201724,,
201725,,
201726,,
201727,,
201728,,
201729,,
201730,,
201731,,
201732,,
201733,,
201734,,
201735,,
201736,,
201737,,
201738,,
201739,,
201740,,
201741,,
201743,,
201744,,
201745,,
201746,,
201747,,
201748,,
201749,,
201750,,
201751,,
201752,,
201753,,
201754,,
201755,,
201756,,
201757,,
201758,,
201759,,
201800,,
201801,,
201802,,
201803,,
201804,,
201805,,
201806,,
201807,,
201808,,
201809,,
201810,,
201811,,
201812,,
201813,,
201814,,
201815,,
201816,,
201817,,
201818,,
201819,,
201820,,
201821,,
201822,,
201823,,
201824,,
201825,,
201826,,
201827,,
201828,,
201829,,
201830,,
201831,,
201832,,
201833,,
201834,,
201835,,
201836,,
201837,,
201838,,
201839,,
201841,,
201842,,
201843,,
201844,,
201845,,
201846,,
201847,,
201848,,
201849,,
201850,,
201851,,
201852,,
201853,,
201854,,
201855,,
201856,,
201857,,
201858,,
201859,,
201900,,
201901,,
201902,,
201903,,
201904,,
201905,,
201906,,
201907,,
201908,,
201909,,
201910,,
201911,,
201912,,
201913,,
201914,,
201915,,
201916,,
201917,,
201918,,
201919,,
201920,,
201921,,
201922,,
201923,,
201924,,
201925,,
201926,,
201927,,
201928,,
201929,,
201930,,
201931,,
201932,,
201934,,
201935,,
201936,,
201937,,
201938,,
201939,,
201940,,
201941,,
201942,,
201943,,
201944,,
201945,,
201946,,
201947,,
201948,,
201949,,
201950,,
201951,,
201952,,
201953,,
201954,,
201955,,
201956,,
201957,,
201958,,
201959,,
202000,,
202001,,
202002,,
202003,,
202004,,
202005,,
202006,,
202007,,
202008,,
202009,,
202010,,
202011,,
202012,,
202013,,
202014,,
202015,,
202016,,
202017,,
202018,,
202020,,
202021,,
202022,,
202023,,
202024,,
202025,,
202026,,
202027,,
202028,,
202029,,
202030,,
202031,,
202032,,
202033,,
202034,,
202035,,
202036,,
202037,,
202038,,
202039,,
202040,,
202041,,
202042,,
202043,,
202044,,
202045,,
202046,,
202047,,
202048,,
202049,,
202050,,
202051,,
202052,,
202053,,
202054,,
202055,,
202056,,
202057,,
202058,,
202059,,
202100,,
202101,,
202102,,
202103,,
202104,,
202105,,
202106,,
202107,,
202108,,
202109,,
202110,,
202111,,
202112,,
202113,,
202114,,
202116,,
202117,,
202118,,
202119,,
202120,,
202121,,
202122,,
202123,,
202124,,
202125,,
202126,,
202127,,
202128,,
202129,,
202130,,
202131,,
202132,,
202133,,
202134,,
202135,,
202136,,
202137,,
202138,,
202139,,
202140,,
202141,,
202142,,
202143,,
202144,,
202145,,
202146,,
202147,,
202148,,
202149,,
202150,,
202151,,
