1.852000,3085936,5119280,3194132
3.704000,1970343,2747806
7.408000,8079329,5119280
20.372000,3773184,5303239
24.076000,4375861,2331649,4188156
29.632000,4375861,6982538,5303239
35.188000,5087892,6982538,1708657,2507293
38.892000,3585774,2715601
50.004000,2535256,1316127,2183635
64.820000,1360946,1780497
70.376000,1975714,162701
81.488000,1822570,3041533,912733
87.044000,1822570,737953,2532597
96.304000,1822570,201821,2532597
109.268000,42703,232737,1270261,3657998
114.824000,42703,643605,763498
124.084000,42703,855237
129.640000,42703,2236167
131.492000,42703,465938
137.048000,42703,491045
140.752000,42703,1069271
146.308000,42703,2074391
150.012000,42703,952993
153.716000,42703,3189455
161.124000,42703,418508,3189455
166.680000,42703,1400315
175.940000,30045,1518112
177.792000,996,2193013,543291
181.496000,1109,1339518
185.200000,1109,93192,1734059,2201393
187.052000,1109,124683,827892
190.756000,1265,1339518
194.460000,1265,1734059,2302767
200.016000,1265,1339518,200294
201.868000,1265,764401,416207,133690,200294
207.424000,1265,764401,966653
209.276000,1265,427949,133690
24.076000,2331649,4188156
81.488000,3041533,912733
114.824000,643605,763498
120.380000,643605,491045
148.160000,524997,1069271,640633,1450334
155.568000,524997,640633,892546
233.352000,2464,133690
246.316000,229991,1407348,63594,57073
251.872000,3419,1407348,57073,938782
350.028000,3592,423087
351.880000,3592,1178847
362.992000,1302,491934
375.956000,1466,1757439
379.660000,1466,1077875
387.068000,1466,347988
403.736000,1466,938902
427.812000,1005064,1463277
435.220000,1243077,1463277
438.924000,1243077,597031
444.480000,1548753,281616
446.332000,1249452,1522777
457.444000,1683660,575463
461.148000,1683660,601613,1102557
477.816000,1066907,1835344
485.224000,253312,3392
492.632000,253312,534646
500.040000,253312,1719286
503.744000,253312,3392
1.852000,5119280,3194132
12.964000,1586426,2102310,945470,5303239
18.520000,3396697,4526813
29.632000,6982538,5303239
35.188000,6982538,1708657,2507293
40.744000,4256533,1257085
46.300000,4256533,2090749
51.856000,2161698,1257085,1780497
68.524000,3292448,525255
107.416000,2719863,232737,780357,2232433
142.604000,1069271,640633,892546
148.160000,1069271,640633,1450334
157.420000,418508,2783535
161.124000,418508,3189455
168.532000,418508,3189455
170.384000,418508,1928688,1495678,3189455
187.052000,124683,827892
220.388000,2207611,246949
235.204000,2002004,133690,2662029
268.540000,2142372,57073,84526
307.432000,3136982,217527,18452,949875
331.508000,746819,20438
468.556000,1835344,445962
507.448000,924059,3392
518.560000,924059,381440
524.116000,924059,346323
551.896000,105504,251264,1838271
559.304000,105504,81399
561.156000,105504,898202
575.972000,105504,210931,860957
579.676000,105504,210931
587.084000,105504,358033,584126
590.788000,105504,133493,537359
596.344000,105504,69083,584126
9.260000,2694957,4422805,3191450
12.964000,2102310,945470,5303239
22.224000,1526491,3942001,701758,3684996
51.856000,1257085,1780497
55.560000,519017,2183635
62.968000,58968,1780497,2183635
72.228000,162701,1316127,383261
74.080000,3440,614845,1494264
83.340000,99429,1483945,1909486,1631177
185.200000,93192,1734059,2201393
231.500000,107644,229473,427949,938782
242.612000,2435,63594,1694036
259.280000,38901,167210,564049
288.912000,217527,606626
307.432000,217527,18452,949875
416.700000,1297030,1861481
422.256000,1297030,888343,345471,249067,1290095
461.148000,601613,1102557
490.780000,1243122,360639
525.968000,778273,318456
551.896000,251264,1838271
572.268000,81399,290149
575.972000,210931,860957
590.788000,133493,537359
596.344000,69083,584126
601.900000,712803,58666
609.308000,712803,72731
627.828000,332359,131441
637.088000,43392,985034
638.940000,43392,97616
648.200000,43392,964077
650.052000,43392,985034
664.868000,229589,134098
683.388000,833451,612408
687.092000,833451,513964
692.648000,554992,323420,513964
698.204000,746583,323420
727.836000,548252,457282
737.096000,548252,1561369
742.652000,548252,1239249,507812
750.060000,452945,82887,1523705
757.468000,955979,507812
781.544000,830394,676526
803.768000,318342,924187,181244
811.176000,223108,590336
820.436000,380858,590336
827.844000,380858,299592,432142
855.624000,84526,1021991
881.552000,231850,69929,616024
890.812000,262632,973840,538192
903.776000,262632,520849
909.332000,262632,1443826,348283,520849
916.740000,72373,1443826
914.888000,163562,520849
920.444000,6983,348283
922.296000,6983,1228412
929.704000,209532,1019025,520849
942.668000,157179,439144,370697
22.224000,3942001,701758,3684996
27.780000,2152949,1762663
50.004000,1316127,2183635
66.672000,1316127,726272,1826196
72.228000,1316127,383261
92.600000,282953,1483945
96.304000,201821,2532597
100.008000,282953,1270261
101.860000,232737,1270261,2610017
107.416000,232737,780357,2232433
109.268000,232737,1270261,3657998
118.528000,187144,2430104
135.196000,2501235,2236167
142.604000,640633,892546
148.160000,640633,1450334
155.568000,640633,892546
170.384000,1928688,1495678,3189455
177.792000,2193013,543291
185.200000,1734059,2201393
194.460000,1734059,2302767
201.868000,764401,416207,133690,200294
207.424000,764401,966653
231.500000,229473,427949,938782
237.056000,229473,63594,57073
238.908000,132563,206333
246.316000,1407348,63594,57073
248.168000,1407348,91044
251.872000,1407348,57073,938782
253.724000,1407348,91044,57073
264.836000,273037,92283
277.800000,779642,57073
285.208000,670511,57073
290.764000,353166,448124
303.728000,775338,949875
307.432000,18452,949875
314.840000,1092866,928831
329.656000,1092866,1015047
359.288000,523640,1088942
409.292000,1055822,132413,1861481
422.256000,888343,345471,249067,1290095
442.628000,535348,281616,1691034
550.044000,318456,1564596
585.232000,358033,58666,1124604
587.084000,358033,584126
663.016000,365243,1205247
692.648000,323420,513964
716.724000,323420,891320
764.876000,115127,277850
779.692000,262195,4074
827.844000,299592,432142
835.252000,299592,66767,935469
840.808000,299592,935469
881.552000,69929,616024
12.964000,945470,5303239
22.224000,701758,3684996
35.188000,1708657,2507293
62.968000,1780497,2183635
79.636000,383261,1847418
87.044000,737953,2532597
101.860000,1270261,2610017
109.268000,1270261,3657998
200.016000,1339518,200294
201.868000,416207,133690,200294
209.276000,427949,133690
218.536000,427949,133690
222.240000,427949,1908006,17695
231.500000,427949,938782
237.056000,63594,57073
240.760000,63594,578710
242.612000,63594,1694036
246.316000,63594,57073
253.724000,91044,57073
259.280000,167210,564049
266.688000,2956,57073
292.616000,466016,944
357.436000,346939,2372
409.292000,132413,1861481
422.256000,345471,249067,1290095
442.628000,281616,1691034
585.232000,58666,1124604
605.604000,369730,1304517,905123
690.796000,68838,1146795
750.060000,82887,1523705
768.580000,4074,954531
835.252000,66767,935469
894.516000,209133,1443826,520849
9.260000,4422805,3191450
66.672000,726272,1826196
74.080000,614845,1494264
83.340000,1483945,1909486,1631177
107.416000,780357,2232433
112.972000,780357,2430104,3093220
170.384000,1495678,3189455
196.312000,827892,200294
201.868000,133690,200294
235.204000,133690,2662029
251.872000,57073,938782
255.576000,57073,564049
268.540000,57073,84526
320.396000,445161,1714221
422.256000,249067,1290095
724.132000,457282,586705
731.540000,1561369,979865
742.652000,1239249,507812
785.248000,676526,1038669
787.100000,676526,507812
877.848000,309383,673379
885.256000,755603,673379,432142
890.812000,973840,538192
894.516000,1443826,520849
909.332000,1443826,348283,520849
929.704000,1019025,520849
942.668000,439144,370697
951.928000,231438,600038
42.596000,1373882,2387326
83.340000,1909486,1631177
112.972000,2430104,3093220
222.240000,1908006,17695
274.096000,84526,54190
513.004000,2234615,1014575
885.256000,673379,432142
1016.748000,1474812,554768
1042.676000,874609,1258996,422540
1051.936000,874609,836411
1066.752000,720917,699588
605.604000,1304517,905123
803.768000,924187,181244
909.332000,348283,520849
1042.676000,1258996,422540
