1.852000,77.540000,60.310000,57.510000,77.450000
3.704000,77.540000,60.310000,80.110000,47.050000
7.408000,39.820000,67.700000
11.112000,36.640000,35.310000,56.540000,45.350000,61.920000,56.350000
20.372000,30.840000,40.660000,33.760000
24.076000,26.060000,47.170000,34.660000,37.540000
29.632000,30.770000,30.660000,27.470000,46.810000
35.188000,30.770000,36.330000,36.430000,33.210000,39.370000
38.892000,32.480000,43.050000,18.070000,35.500000,37.260000
44.448000,32.480000,23.200000,32.450000,25.500000
50.004000,28.900000,20.640000,19.720000
53.708000,33.170000,42.700000,22.230000,32.080000
64.820000,14.440000,18.190000,21.400000
70.376000,23.660000,16.120000,36.800000
75.932000,15.880000,37.890000,22.610000
81.488000,9.540000,25.900000,19.970000,28.950000
87.044000,12.700000,26.510000,32.300000,24.210000,25.260000,32.250000
96.304000,15.390000,23.680000
109.268000,16.350000,24.690000,28.790000,15.740000,32.890000
114.824000,12.170000,26.490000,26.060000,19.540000,31.980000
122.232000,3.200000,19.860000,23.900000,19.460000,38.950000,31.310000
124.084000,3.200000,15.880000,28.100000,34.290000
129.640000,3.200000,15.300000,16.850000,23.860000,27.840000,34.780000,33.350000
131.492000,3.200000,26.620000
137.048000,3.200000,26.860000,31.150000,25.220000
140.752000,3.200000,22.350000,29.410000,26.070000
144.456000,3.200000,28.210000,24.680000
146.308000,3.200000,24.040000,23.550000
150.012000,3.200000,14.790000,22.060000,31.460000
153.716000,3.200000,19.000000,35.050000,25.910000
161.124000,3.200000,28.320000,20.390000,32.790000
166.680000,3.200000,21.280000,14.360000,38.130000
172.236000,3.200000,25.050000
175.940000,3.200000,17.090000,22.770000,23.730000,31.910000
177.792000,12.280000,19.050000,33.050000,28.190000
179.644000,12.280000,19.550000,35.190000
181.496000,21.740000,18.420000,32.160000,15.980000
185.200000,10.730000,8.620000,17.940000,15.120000,32.040000,26.030000
187.052000,21.740000,21.900000
188.904000,14.480000,15.510000
190.756000,12.280000,11.150000,17.910000,22.150000,25.270000
194.460000,14.480000,13.210000,16.890000,17.220000
200.016000,12.280000,11.760000,16.170000,16.990000,16.360000
201.868000,12.280000,16.090000,25.310000,30.390000
203.720000,12.280000,8.990000,21.690000,14.000000
207.424000,12.280000,13.740000,11.730000,36.400000,15.010000
209.276000,12.280000,14.410000
211.128000,12.280000,20.420000,12.580000
1.852000,60.310000,57.510000,77.450000
3.704000,60.310000,80.110000,47.050000
16.668000,60.310000,39.160000,35.620000,36.700000
24.076000,47.170000,34.660000,37.540000
33.336000,45.130000,34.120000
38.892000,43.050000,18.070000,35.500000,37.260000
42.596000,29.300000,38.530000,35.640000
53.708000,42.700000,22.230000,32.080000
59.264000,38.410000,22.290000,22.510000
61.116000,40.870000,24.650000,23.960000,23.380000
68.524000,27.170000,29.810000,24.130000
75.932000,37.890000,22.610000
81.488000,25.900000,19.970000,28.950000
87.044000,26.510000,32.300000,24.210000,25.260000,32.250000
94.452000,37.310000,27.320000,18.250000,35.530000,34.350000
98.156000,19.920000,27.150000,26.570000,34.350000,33.130000
105.564000,20.970000,28.790000,34.150000
114.824000,26.490000,26.060000,19.540000,31.980000
118.528000,19.170000,22.810000
124.084000,15.880000,28.100000,34.290000
129.640000,15.300000,16.850000,23.860000,27.840000,34.780000,33.350000
135.196000,14.820000,24.600000,31.580000,33.390000
148.160000,29.630000,28.910000,37.120000,31.890000
155.568000,25.380000,22.220000,27.730000,25.060000,28.380000,26.610000
159.272000,19.480000,16.180000,36.670000
174.088000,18.730000,31.540000
177.792000,19.050000,33.050000,28.190000
183.348000,5.190000,27.390000
185.200000,8.620000,17.940000,15.120000,32.040000,26.030000
190.756000,11.150000,17.910000,22.150000,25.270000
196.312000,14.740000,17.620000,29.570000
200.016000,11.760000,16.170000,16.990000,16.360000
203.720000,8.990000,21.690000,14.000000
207.424000,13.740000,11.730000,36.400000,15.010000
212.980000,6.760000,22.880000,10.230000
216.684000,16.900000,35.520000
220.388000,13.040000,30.150000,21.520000,1.700000
227.796000,16.990000,13.880000,26.430000
233.352000,16.230000,8.500000
238.908000,14.820000,17.300000
250.020000,13.930000,21.530000,17.220000,8.510000
255.576000,13.480000,18.750000,13.690000,10.580000
262.984000,11.980000,24.390000
268.540000,11.310000,16.150000,2.000000,17.260000
274.096000,11.470000,19.510000,9.940000,17.470000,12.190000,16.730000
277.800000,12.580000,18.790000,6.330000,20.490000
292.616000,14.150000,17.660000,12.090000,9.180000
296.320000,13.290000,17.970000,25.100000,16.930000
301.876000,12.900000,12.790000,17.140000,25.620000,18.750000
307.432000,13.780000,14.540000,17.680000,23.060000,23.960000,17.900000
320.396000,13.240000,13.250000,15.500000,12.850000,19.080000
325.952000,12.940000,12.900000
329.656000,14.680000,13.770000
337.064000,14.330000,20.520000,11.380000,12.060000
340.768000,14.810000,18.240000
344.472000,12.020000,15.570000,14.270000,9.690000
351.880000,17.480000,13.990000
353.732000,18.700000,11.810000
362.992000,24.700000,19.850000,20.010000
370.400000,16.190000,12.110000
374.104000,16.270000,16.330000,11.900000,11.040000,24.020000
377.808000,15.070000,19.380000,6.950000,20.620000
383.364000,13.850000,23.330000
385.216000,13.390000,25.100000,25.250000
387.068000,14.050000,15.600000,15.450000,10.420000,23.990000
390.772000,13.130000,24.720000,23.240000,25.410000
394.476000,16.040000,18.560000,22.640000
400.032000,18.330000,14.600000,22.570000
403.736000,13.950000,8.360000,16.860000,14.240000,22.220000
407.440000,13.300000,18.870000,11.950000
411.144000,13.130000,16.340000,11.050000
416.700000,19.560000,17.980000,11.460000
420.404000,20.850000,15.080000,9.950000,17.290000
424.108000,18.150000,18.660000,9.310000
425.960000,17.540000,16.830000,11.450000,26.690000,24.890000
427.812000,15.190000,20.810000,13.920000,18.710000,10.550000,22.060000
433.368000,13.750000,20.430000,10.130000,13.020000,13.120000
437.072000,11.860000,16.690000
438.924000,15.020000,11.730000,11.660000,8.360000,26.220000,24.110000
444.480000,12.690000,17.260000,16.280000,17.540000,7.740000
448.184000,15.350000,18.980000,12.640000
451.888000,17.140000,21.920000,16.120000,10.890000
455.592000,13.380000,20.020000,17.250000
461.148000,13.580000,13.910000,12.720000,10.580000,23.790000
464.852000,16.150000,11.030000,11.640000
466.704000,15.710000,13.010000,15.260000,14.790000,25.480000
474.112000,8.450000,9.060000,11.880000,28.860000
477.816000,9.340000,9.520000
479.668000,13.480000,15.370000,21.060000,7.570000,19.190000,15.610000,24.460000,26.820000
483.372000,14.620000,18.230000,12.810000,11.810000,28.040000
487.076000,17.970000,11.780000
490.780000,13.820000,9.100000,11.340000,9.660000
494.484000,15.560000,10.990000,9.460000,7.840000
498.188000,11.610000,12.830000,14.450000,12.640000,23.180000
500.040000,3.620000,17.740000,14.150000
1.852000,57.510000,77.450000
3.704000,80.110000,47.050000
11.112000,35.310000,56.540000,45.350000,61.920000,56.350000
16.668000,39.160000,35.620000,36.700000
24.076000,34.660000,37.540000
27.780000,40.290000,33.370000,34.270000
35.188000,36.330000,36.430000,33.210000,39.370000
40.744000,40.320000,30.910000
42.596000,38.530000,35.640000
48.152000,37.630000,38.720000,33.860000
51.856000,37.560000,21.600000,13.960000,25.670000
57.412000,25.200000,24.520000
62.968000,30.650000,30.990000,29.740000
68.524000,29.810000,24.130000
72.228000,27.380000,22.140000,24.270000,26.480000
74.080000,34.370000,21.190000,25.690000,30.670000
79.636000,33.530000,14.470000,26.880000,33.230000
85.192000,37.480000,26.940000,40.710000,33.760000
87.044000,32.300000,24.210000,25.260000,32.250000
94.452000,27.320000,18.250000,35.530000,34.350000
101.860000,38.170000,29.960000,23.300000,31.550000
103.712000,27.380000,27.180000
109.268000,24.690000,28.790000,15.740000,32.890000
116.676000,17.890000,26.700000,29.030000,33.410000
122.232000,19.860000,23.900000,19.460000,38.950000,31.310000
129.640000,16.850000,23.860000,27.840000,34.780000,33.350000
133.344000,30.670000,29.790000,35.440000
140.752000,22.350000,29.410000,26.070000
150.012000,14.790000,22.060000,31.460000
153.716000,19.000000,35.050000,25.910000
159.272000,16.180000,36.670000
168.532000,25.100000,26.330000,35.060000
175.940000,17.090000,22.770000,23.730000,31.910000
181.496000,18.420000,32.160000,15.980000
194.460000,13.210000,16.890000,17.220000
201.868000,16.090000,25.310000,30.390000
205.572000,18.830000,12.250000
211.128000,20.420000,12.580000
212.980000,22.880000,10.230000
214.832000,32.110000,11.420000,12.660000
218.536000,20.360000,14.150000,11.650000
222.240000,25.870000,24.770000,3.700000
224.092000,14.450000,21.190000,17.060000
229.648000,13.400000,20.750000,15.770000
235.204000,14.830000,20.080000,25.950000,18.010000
237.056000,19.790000,18.680000,18.260000,11.070000
240.760000,19.700000,19.460000,18.810000,28.140000,22.100000
242.612000,20.290000,13.240000,20.640000,18.140000
248.168000,22.060000,17.520000,15.230000
250.020000,21.530000,17.220000,8.510000
257.428000,25.160000,19.070000,18.730000
259.280000,25.260000,8.610000
261.132000,24.270000,12.180000,13.610000,17.530000
266.688000,20.170000,7.510000,15.940000
274.096000,19.510000,9.940000,17.470000,12.190000,16.730000
277.800000,18.790000,6.330000,20.490000
281.504000,14.550000,15.130000,21.570000
285.208000,20.110000,10.050000,13.330000,20.180000
287.060000,23.520000,15.330000,15.120000,10.810000,21.820000
292.616000,17.660000,12.090000,9.180000
296.320000,17.970000,25.100000,16.930000
300.024000,21.140000,10.170000
307.432000,14.540000,17.680000,23.060000,23.960000,17.900000
311.136000,16.050000,13.220000,11.220000,18.830000
312.988000,18.100000,13.130000,13.060000,21.960000,23.470000,24.750000
318.544000,14.330000,21.750000
324.100000,13.410000,9.390000,16.360000,11.330000,23.780000
327.804000,13.380000,10.260000,10.390000,24.390000,22.420000
331.508000,18.530000,10.890000,16.820000
335.212000,20.400000,25.720000,25.500000
338.916000,15.280000,16.850000,18.900000
342.620000,15.070000,12.820000,25.880000
348.176000,19.400000,14.680000,16.410000
350.028000,19.310000,15.820000,13.420000,14.480000,26.940000
355.584000,10.570000,9.380000,22.430000,22.500000
361.140000,6.090000,11.270000,22.390000
364.844000,11.640000,17.400000,13.170000
368.548000,12.180000,23.230000
375.956000,11.680000,24.620000
381.512000,18.740000,12.270000,11.760000,22.160000
385.216000,25.100000,25.250000
390.772000,24.720000,23.240000,25.410000
398.180000,17.130000,21.150000,14.680000,25.050000
403.736000,8.360000,16.860000,14.240000,22.220000
409.292000,3.860000,13.380000,21.410000,26.820000
412.996000,5.720000,19.760000,10.740000,22.580000
420.404000,15.080000,9.950000,17.290000
424.108000,18.660000,9.310000
425.960000,16.830000,11.450000,26.690000,24.890000
427.812000,20.810000,13.920000,18.710000,10.550000,22.060000
431.516000,21.630000,26.220000,21.890000
440.776000,17.500000,18.750000
442.628000,20.450000,11.180000,22.210000
448.184000,18.980000,12.640000
451.888000,21.920000,16.120000,10.890000
455.592000,20.020000,17.250000
457.444000,15.150000,17.460000,22.820000,20.390000,24.850000
463.000000,17.240000,25.240000
466.704000,13.010000,15.260000,14.790000,25.480000
472.260000,13.890000,20.750000,28.150000
475.964000,12.300000,18.410000,22.890000
479.668000,15.370000,21.060000,7.570000,19.190000,15.610000,24.460000,26.820000
490.780000,9.100000,11.340000,9.660000
494.484000,10.990000,9.460000,7.840000
498.188000,12.830000,14.450000,12.640000,23.180000
503.744000,9.590000,7.790000,10.530000,22.860000
516.708000,15.160000,4.670000,26.970000
518.560000,19.050000,15.880000,9.160000,22.180000
522.264000,15.840000,11.740000,24.660000
525.968000,12.770000,10.680000,14.050000
535.228000,4.090000,13.210000,16.860000
537.080000,14.350000,19.570000
542.636000,13.040000,15.560000,23.420000
544.488000,13.700000,12.300000,8.040000,10.550000,10.980000,24.170000
550.044000,14.960000,15.440000,9.510000,26.480000,20.790000
564.860000,10.790000,12.540000,10.550000,21.430000
577.824000,13.090000,15.550000,20.350000
579.676000,13.460000,14.530000,12.010000,15.400000
587.084000,14.990000,14.870000,18.050000
594.492000,12.860000,11.890000,20.800000,19.420000,17.680000
600.048000,5.540000,15.380000,16.610000,13.420000,16.340000
9.260000,85.680000,38.510000,60.110000,67.790000
12.964000,54.710000,25.200000,49.770000,44.670000,50.180000
16.668000,35.620000,36.700000
22.224000,39.490000,25.130000,36.310000
25.928000,37.510000,40.600000
29.632000,30.660000,27.470000,46.810000
35.188000,36.430000,33.210000,39.370000
44.448000,23.200000,32.450000,25.500000
50.004000,20.640000,19.720000
55.560000,32.460000,33.860000
61.116000,24.650000,23.960000,23.380000
66.672000,14.640000,17.350000,15.090000,23.660000
70.376000,16.120000,36.800000
74.080000,21.190000,25.690000,30.670000
79.636000,14.470000,26.880000,33.230000
85.192000,26.940000,40.710000,33.760000
87.044000,24.210000,25.260000,32.250000
88.896000,26.630000,21.660000,22.540000
94.452000,18.250000,35.530000,34.350000
98.156000,27.150000,26.570000,34.350000,33.130000
105.564000,28.790000,34.150000
111.120000,28.530000,26.360000,34.070000
116.676000,26.700000,29.030000,33.410000
122.232000,23.900000,19.460000,38.950000,31.310000
125.936000,28.860000,26.080000
133.344000,29.790000,35.440000
140.752000,29.410000,26.070000
146.308000,24.040000,23.550000
151.864000,30.390000,25.910000
155.568000,22.220000,27.730000,25.060000,28.380000,26.610000
161.124000,28.320000,20.390000,32.790000
170.384000,27.490000,19.690000,32.170000,29.940000
179.644000,19.550000,35.190000
181.496000,32.160000,15.980000
190.756000,17.910000,22.150000,25.270000
198.164000,16.840000,17.700000
203.720000,21.690000,14.000000
218.536000,14.150000,11.650000
224.092000,21.190000,17.060000
231.500000,18.770000,19.460000
235.204000,20.080000,25.950000,18.010000
242.612000,13.240000,20.640000,18.140000
251.872000,18.010000,11.650000,14.470000,21.810000,16.960000,19.870000
255.576000,18.750000,13.690000,10.580000
261.132000,12.180000,13.610000,17.530000
266.688000,7.510000,15.940000
270.392000,13.470000,14.000000,16.980000
274.096000,9.940000,17.470000,12.190000,16.730000
279.652000,13.170000,18.230000,21.980000,24.110000
281.504000,15.130000,21.570000
287.060000,15.330000,15.120000,10.810000,21.820000
292.616000,12.090000,9.180000
301.876000,12.790000,17.140000,25.620000,18.750000
305.580000,12.170000,24.450000
307.432000,17.680000,23.060000,23.960000,17.900000
312.988000,13.130000,13.060000,21.960000,23.470000,24.750000
320.396000,13.250000,15.500000,12.850000,19.080000
324.100000,9.390000,16.360000,11.330000,23.780000
331.508000,10.890000,16.820000
338.916000,16.850000,18.900000
344.472000,15.570000,14.270000,9.690000
350.028000,15.820000,13.420000,14.480000,26.940000
357.436000,20.970000,13.790000,27.700000
366.696000,13.550000,13.100000,9.150000,25.250000,14.280000
372.252000,17.680000,11.420000,15.790000
374.104000,16.330000,11.900000,11.040000,24.020000
377.808000,19.380000,6.950000,20.620000
381.512000,12.270000,11.760000,22.160000
387.068000,15.600000,15.450000,10.420000,23.990000
394.476000,18.560000,22.640000
398.180000,21.150000,14.680000,25.050000
403.736000,16.860000,14.240000,22.220000
407.440000,18.870000,11.950000
412.996000,19.760000,10.740000,22.580000
416.700000,17.980000,11.460000
422.256000,17.540000,12.190000
427.812000,13.920000,18.710000,10.550000,22.060000
433.368000,20.430000,10.130000,13.020000,13.120000
438.924000,11.730000,11.660000,8.360000,26.220000,24.110000
444.480000,17.260000,16.280000,17.540000,7.740000
451.888000,16.120000,10.890000
461.148000,13.910000,12.720000,10.580000,23.790000
466.704000,15.260000,14.790000,25.480000
472.260000,20.750000,28.150000
474.112000,9.060000,11.880000,28.860000
479.668000,21.060000,7.570000,19.190000,15.610000,24.460000,26.820000
483.372000,18.230000,12.810000,11.810000,28.040000
488.928000,10.630000,11.750000,24.170000
492.632000,16.120000,15.940000,26.470000,18.520000
496.336000,13.730000,20.260000
500.040000,17.740000,14.150000
507.448000,16.870000,13.130000,15.730000
511.152000,11.190000,13.590000,18.070000
513.004000,22.400000,8.100000
518.560000,15.880000,9.160000,22.180000
524.116000,12.640000,7.980000,10.000000,24.080000
531.524000,12.420000,8.860000,15.400000
538.932000,13.150000,14.130000,19.560000
542.636000,15.560000,23.420000
544.488000,12.300000,8.040000,10.550000,10.980000,24.170000
548.192000,10.080000,12.180000,20.390000
555.600000,12.420000,15.300000,22.020000
559.304000,14.330000,9.850000,12.050000,23.610000
564.860000,12.540000,10.550000,21.430000
568.564000,16.040000,17.240000,12.090000,18.650000
572.268000,15.990000,11.010000,9.420000,14.110000,20.950000,20.490000
577.824000,15.550000,20.350000
579.676000,14.530000,12.010000,15.400000
585.232000,14.150000,9.730000,9.330000,19.280000
587.084000,14.870000,18.050000
588.936000,13.570000,12.870000
592.640000,15.480000,14.320000
594.492000,11.890000,20.800000,19.420000,17.680000
600.048000,15.380000,16.610000,13.420000,16.340000
605.604000,15.820000,10.790000,14.860000,20.330000,19.170000
611.160000,11.430000,10.490000,11.950000
613.012000,19.230000,16.830000,17.150000
618.568000,11.620000,15.370000,19.510000
622.272000,8.280000,18.320000,14.510000
629.680000,18.630000,13.040000,8.780000,18.470000
633.384000,11.670000,11.640000,17.200000,13.810000
638.940000,16.030000,10.210000,16.470000,15.200000
642.644000,12.810000,9.760000,9.430000,18.280000
648.200000,12.320000,12.180000,8.750000
651.904000,13.520000,8.700000,15.250000
659.312000,10.700000,12.710000
657.460000,20.570000,15.560000,17.810000
664.868000,15.220000,13.560000
668.572000,11.720000,12.790000,16.650000,14.160000
674.128000,19.680000,13.680000,17.030000
675.980000,14.410000,16.940000,12.800000,19.930000
681.536000,20.140000,19.730000,13.300000,14.120000,11.170000
688.944000,14.750000,11.990000
692.648000,14.820000,12.070000,11.920000,14.230000
696.352000,10.940000,9.740000,12.040000
700.056000,11.660000,12.580000,14.250000
705.612000,11.930000,12.480000,16.780000,16.930000
709.316000,12.900000,12.730000
713.020000,13.120000,8.200000,8.760000,15.400000,14.810000
716.724000,12.810000,6.600000,8.870000
720.428000,12.860000,9.270000,14.520000
724.132000,15.140000,10.670000,12.510000,14.380000
727.836000,12.560000,10.670000,10.850000,14.490000
733.392000,13.580000,11.230000
737.096000,10.470000,11.100000,9.560000,15.810000
748.208000,11.550000,9.320000,13.710000
753.764000,13.030000,8.700000
768.580000,8.300000,15.350000,10.690000,12.140000
772.284000,9.340000,13.660000,10.740000
779.692000,9.880000,13.320000,11.700000,10.650000
790.804000,9.910000,11.370000
796.360000,10.740000,8.640000,9.540000
803.768000,9.270000,12.550000,11.230000
811.176000,11.470000,12.380000
816.732000,9.790000,13.500000,10.580000
822.288000,10.980000,12.780000
827.844000,13.830000,9.380000,10.730000
833.400000,13.260000,9.950000,9.460000,8.530000,10.960000
835.252000,9.580000,10.920000,9.250000,8.530000,9.970000
842.660000,8.880000,11.750000
848.216000,13.730000,10.810000,12.030000,12.710000
855.624000,10.300000,8.280000
861.180000,7.730000,13.770000,8.970000
870.440000,7.950000,9.980000,13.800000
874.144000,6.980000,6.690000,7.500000,7.290000
877.848000,8.730000,8.710000
883.404000,8.680000,9.950000,6.730000
888.960000,9.800000,10.760000,12.680000
896.368000,9.240000,11.550000
903.776000,7.340000,9.190000,10.160000
914.888000,10.390000,9.260000
922.296000,11.490000,9.610000,11.260000
931.556000,12.940000,9.980000
933.408000,9.850000,10.650000,10.890000,10.930000
937.112000,8.140000,8.190000,8.970000
940.816000,10.620000,8.070000,9.930000,9.120000
942.668000,9.210000,12.460000
9.260000,38.510000,60.110000,67.790000
12.964000,25.200000,49.770000,44.670000,50.180000
20.372000,40.660000,33.760000
27.780000,33.370000,34.270000
35.188000,33.210000,39.370000
38.892000,18.070000,35.500000,37.260000
46.300000,22.650000,31.440000,34.090000
59.264000,22.290000,22.510000
66.672000,17.350000,15.090000,23.660000
72.228000,22.140000,24.270000,26.480000
79.636000,26.880000,33.230000
88.896000,21.660000,22.540000
92.600000,31.260000,23.680000,24.920000,34.040000
98.156000,26.570000,34.350000,33.130000
100.008000,18.590000,23.600000,34.440000,36.670000
101.860000,29.960000,23.300000,31.550000
109.268000,28.790000,15.740000,32.890000
114.824000,26.060000,19.540000,31.980000
116.676000,29.030000,33.410000
120.380000,30.100000,15.000000
124.084000,28.100000,34.290000
127.788000,24.280000,35.640000
129.640000,23.860000,27.840000,34.780000,33.350000
135.196000,24.600000,31.580000,33.390000
144.456000,28.210000,24.680000
150.012000,22.060000,31.460000
155.568000,27.730000,25.060000,28.380000,26.610000
162.976000,25.780000,26.420000
168.532000,26.330000,35.060000
175.940000,22.770000,23.730000,31.910000
194.460000,16.890000,17.220000
207.424000,11.730000,36.400000,15.010000
214.832000,11.420000,12.660000
229.648000,20.750000,15.770000
237.056000,18.680000,18.260000,11.070000
240.760000,19.460000,18.810000,28.140000,22.100000
251.872000,11.650000,14.470000,21.810000,16.960000,19.870000
257.428000,19.070000,18.730000
261.132000,13.610000,17.530000
264.836000,16.860000,18.200000
268.540000,16.150000,2.000000,17.260000
274.096000,17.470000,12.190000,16.730000
279.652000,18.230000,21.980000,24.110000
287.060000,15.120000,10.810000,21.820000
290.764000,11.820000,17.180000
296.320000,25.100000,16.930000
301.876000,17.140000,25.620000,18.750000
307.432000,23.060000,23.960000,17.900000
311.136000,13.220000,11.220000,18.830000
316.692000,11.050000,11.780000
320.396000,15.500000,12.850000,19.080000
337.064000,20.520000,11.380000,12.060000
344.472000,14.270000,9.690000
359.288000,10.990000,9.810000
362.992000,19.850000,20.010000
379.660000,9.350000,27.290000
381.512000,11.760000,22.160000
388.920000,13.810000,24.570000
396.328000,17.900000,12.480000,26.510000
403.736000,14.240000,22.220000
411.144000,16.340000,11.050000
427.812000,18.710000,10.550000,22.060000
433.368000,10.130000,13.020000,13.120000
435.220000,13.020000,16.420000,19.890000
444.480000,16.280000,17.540000,7.740000
457.444000,17.460000,22.820000,20.390000,24.850000
464.852000,11.030000,11.640000
468.556000,12.250000,10.270000,19.760000
474.112000,11.880000,28.860000
479.668000,7.570000,19.190000,15.610000,24.460000,26.820000
483.372000,12.810000,11.810000,28.040000
488.928000,11.750000,24.170000
492.632000,15.940000,26.470000,18.520000
498.188000,14.450000,12.640000,23.180000
503.744000,7.790000,10.530000,22.860000
507.448000,13.130000,15.730000
514.856000,9.800000,15.650000
518.560000,9.160000,22.180000
524.116000,7.980000,10.000000,24.080000
525.968000,10.680000,14.050000
531.524000,8.860000,15.400000
538.932000,14.130000,19.560000
544.488000,8.040000,10.550000,10.980000,24.170000
550.044000,15.440000,9.510000,26.480000,20.790000
553.748000,16.720000,11.850000,24.080000
557.452000,12.100000,19.630000
564.860000,10.550000,21.430000
568.564000,17.240000,12.090000,18.650000
572.268000,11.010000,9.420000,14.110000,20.950000,20.490000
581.528000,15.180000,14.990000
583.380000,7.660000,16.110000,19.310000
585.232000,9.730000,9.330000,19.280000
590.788000,8.100000,10.660000
598.196000,19.010000,21.820000
600.048000,16.610000,13.420000,16.340000
605.604000,10.790000,14.860000,20.330000,19.170000
609.308000,11.970000,14.670000,16.380000
618.568000,15.370000,19.510000
622.272000,18.320000,14.510000
625.976000,15.120000,10.730000
629.680000,13.040000,8.780000,18.470000
633.384000,11.640000,17.200000,13.810000
642.644000,9.760000,9.430000,18.280000
648.200000,12.180000,8.750000
657.460000,15.560000,17.810000
666.720000,20.110000,16.150000
672.276000,14.080000,13.480000
677.832000,10.860000,11.170000
681.536000,19.730000,13.300000,14.120000,11.170000
685.240000,9.870000,13.470000
690.796000,12.530000,11.370000,13.370000
692.648000,12.070000,11.920000,14.230000
698.204000,12.000000,15.070000,12.500000
705.612000,12.480000,16.780000,16.930000
713.020000,8.200000,8.760000,15.400000,14.810000
716.724000,6.600000,8.870000
724.132000,10.670000,12.510000,14.380000
727.836000,10.670000,10.850000,14.490000
731.540000,5.420000,15.350000,16.420000
737.096000,11.100000,9.560000,15.810000
738.948000,10.290000,12.030000
748.208000,9.320000,13.710000
751.912000,9.640000,12.820000
761.172000,9.020000,12.230000,10.110000
766.728000,11.970000,13.420000,8.440000,14.830000
768.580000,15.350000,10.690000,12.140000
777.840000,7.860000,12.380000
779.692000,13.320000,11.700000,10.650000
783.396000,11.390000,11.040000,9.130000
796.360000,8.640000,9.540000
803.768000,12.550000,11.230000
814.880000,9.990000,8.160000,12.520000
820.436000,9.660000,10.140000
824.140000,8.360000,12.400000,8.820000
827.844000,9.380000,10.730000
835.252000,10.920000,9.250000,8.530000,9.970000
840.808000,10.950000,11.380000,12.630000
850.068000,9.820000,11.050000
859.328000,14.430000,8.990000,8.230000,7.140000
863.032000,8.960000,12.590000
870.440000,9.980000,13.800000
874.144000,6.690000,7.500000,7.290000
875.996000,10.620000,7.230000,13.540000,12.790000
881.552000,11.900000,7.690000,11.940000,13.170000,11.100000
883.404000,9.950000,6.730000
887.108000,10.790000,8.070000
898.220000,9.050000,7.290000,9.720000
900.072000,7.820000,6.250000,12.760000
911.184000,3.080000,9.860000
9.260000,60.110000,67.790000
12.964000,49.770000,44.670000,50.180000
18.520000,37.810000,51.550000,44.250000
22.224000,25.130000,36.310000
37.040000,34.890000,26.060000,46.810000
44.448000,32.450000,25.500000
48.152000,38.720000,33.860000
51.856000,21.600000,13.960000,25.670000
53.708000,22.230000,32.080000
61.116000,23.960000,23.380000
64.820000,18.190000,21.400000
66.672000,15.090000,23.660000
72.228000,24.270000,26.480000
87.044000,25.260000,32.250000
92.600000,23.680000,24.920000,34.040000
100.008000,23.600000,34.440000,36.670000
101.860000,23.300000,31.550000
109.268000,15.740000,32.890000
114.824000,19.540000,31.980000
135.196000,31.580000,33.390000
142.604000,24.840000,29.670000,36.250000,36.690000,25.250000
148.160000,28.910000,37.120000,31.890000
155.568000,25.060000,28.380000,26.610000
161.124000,20.390000,32.790000
166.680000,21.280000,14.360000,38.130000
185.200000,17.940000,15.120000,32.040000,26.030000
190.756000,22.150000,25.270000
196.312000,17.620000,29.570000
201.868000,25.310000,30.390000
222.240000,24.770000,3.700000
227.796000,13.880000,26.430000
237.056000,18.260000,11.070000
240.760000,18.810000,28.140000,22.100000
250.020000,17.220000,8.510000
251.872000,14.470000,21.810000,16.960000,19.870000
270.392000,14.000000,16.980000
274.096000,12.190000,16.730000
277.800000,6.330000,20.490000
279.652000,21.980000,24.110000
285.208000,10.050000,13.330000,20.180000
311.136000,11.220000,18.830000
322.248000,16.770000,23.710000
324.100000,16.360000,11.330000,23.780000
327.804000,10.260000,10.390000,24.390000,22.420000
333.360000,13.960000,2.480000,18.380000
337.064000,11.380000,12.060000
342.620000,12.820000,25.880000
348.176000,14.680000,16.410000
350.028000,13.420000,14.480000,26.940000
357.436000,13.790000,27.700000
361.140000,11.270000,22.390000
364.844000,17.400000,13.170000
366.696000,13.100000,9.150000,25.250000,14.280000
374.104000,11.900000,11.040000,24.020000
387.068000,15.450000,10.420000,23.990000
390.772000,23.240000,25.410000
400.032000,14.600000,22.570000
405.588000,11.700000,23.350000
409.292000,13.380000,21.410000,26.820000
412.996000,10.740000,22.580000
418.552000,14.450000,21.550000,23.700000
425.960000,11.450000,26.690000,24.890000
433.368000,13.020000,13.120000
435.220000,16.420000,19.890000
438.924000,11.660000,8.360000,26.220000,24.110000
444.480000,17.540000,7.740000
450.036000,12.300000,25.380000
457.444000,22.820000,20.390000,24.850000
461.148000,12.720000,10.580000,23.790000
466.704000,14.790000,25.480000
475.964000,18.410000,22.890000
479.668000,19.190000,15.610000,24.460000,26.820000
485.224000,13.050000,12.860000,22.490000
490.780000,11.340000,9.660000
494.484000,9.460000,7.840000
498.188000,12.640000,23.180000
503.744000,10.530000,22.860000
511.152000,13.590000,18.070000
516.708000,4.670000,26.970000
524.116000,10.000000,24.080000
535.228000,13.210000,16.860000
544.488000,10.550000,10.980000,24.170000
548.192000,12.180000,20.390000
553.748000,11.850000,24.080000
559.304000,9.850000,12.050000,23.610000
568.564000,12.090000,18.650000
572.268000,9.420000,14.110000,20.950000,20.490000
574.120000,11.250000,13.870000,20.100000
579.676000,12.010000,15.400000
585.232000,9.330000,19.280000
601.900000,14.320000,11.440000
605.604000,14.860000,20.330000,19.170000
611.160000,10.490000,11.950000
616.716000,11.940000,10.000000
620.420000,12.790000,17.170000
629.680000,8.780000,18.470000
642.644000,9.430000,18.280000
646.348000,14.150000,16.910000
651.904000,8.700000,15.250000
674.128000,13.680000,17.030000
675.980000,16.940000,12.800000,19.930000
683.388000,9.480000,12.510000,14.290000
687.092000,10.940000,16.670000
690.796000,11.370000,13.370000
696.352000,9.740000,12.040000
700.056000,12.580000,14.250000
707.464000,8.670000,15.090000
713.020000,8.760000,15.400000,14.810000
714.872000,10.620000,13.130000,11.470000
720.428000,9.270000,14.520000
727.836000,10.850000,14.490000
737.096000,9.560000,15.810000
740.800000,9.300000,14.660000,15.100000
750.060000,9.050000,13.100000
763.024000,11.600000,10.310000
768.580000,10.690000,12.140000
772.284000,13.660000,10.740000
781.544000,10.750000,10.830000,11.270000
787.100000,14.190000,14.850000,13.190000
792.656000,12.020000,15.960000,10.870000,13.110000,7.760000
800.064000,7.900000,12.070000
807.472000,12.090000,10.830000,12.840000,11.230000
814.880000,8.160000,12.520000
825.992000,9.600000,11.640000,12.340000
833.400000,9.950000,9.460000,8.530000,10.960000
835.252000,9.250000,8.530000,9.970000
837.104000,10.970000,9.080000
846.364000,10.610000,11.890000,10.080000
851.920000,11.790000,10.330000
859.328000,8.990000,8.230000,7.140000
866.736000,9.250000,14.210000
874.144000,7.500000,7.290000
875.996000,7.230000,13.540000,12.790000
881.552000,7.690000,11.940000,13.170000,11.100000
890.812000,6.520000,12.030000,9.720000
894.516000,10.120000,11.860000,1.300000
898.220000,7.290000,9.720000
900.072000,6.250000,12.760000
903.776000,9.190000,10.160000
11.112000,56.540000,45.350000,61.920000,56.350000
29.632000,27.470000,46.810000
37.040000,26.060000,46.810000
51.856000,13.960000,25.670000
77.784000,24.600000,31.280000,27.640000
81.488000,19.970000,28.950000
92.600000,24.920000,34.040000
107.416000,18.350000,33.070000
111.120000,26.360000,34.070000
122.232000,19.460000,38.950000,31.310000
129.640000,27.840000,34.780000,33.350000
137.048000,26.860000,31.150000,25.220000
142.604000,29.670000,36.250000,36.690000,25.250000
166.680000,14.360000,38.130000
170.384000,19.690000,32.170000,29.940000
175.940000,23.730000,31.910000
185.200000,15.120000,32.040000,26.030000
192.608000,13.810000,18.160000
200.016000,16.170000,16.990000,16.360000
268.540000,2.000000,17.260000
285.208000,13.330000,20.180000
287.060000,10.810000,21.820000
298.172000,9.990000,25.910000
312.988000,13.060000,21.960000,23.470000,24.750000
320.396000,12.850000,19.080000
324.100000,11.330000,23.780000
327.804000,10.390000,24.390000,22.420000
333.360000,2.480000,18.380000
350.028000,14.480000,26.940000
355.584000,9.380000,22.430000,22.500000
366.696000,9.150000,25.250000,14.280000
372.252000,11.420000,15.790000
374.104000,11.040000,24.020000
377.808000,6.950000,20.620000
387.068000,10.420000,23.990000
396.328000,12.480000,26.510000
398.180000,14.680000,25.050000
401.884000,9.980000,22.610000
420.404000,9.950000,17.290000
427.812000,10.550000,22.060000
438.924000,8.360000,26.220000,24.110000
442.628000,11.180000,22.210000
461.148000,10.580000,23.790000
468.556000,10.270000,19.760000
479.668000,15.610000,24.460000,26.820000
483.372000,11.810000,28.040000
485.224000,12.860000,22.490000
509.300000,1.000000,25.740000,25.790000,21.380000
520.412000,13.910000,25.460000
522.264000,11.740000,24.660000
529.672000,11.300000,29.800000
540.784000,14.790000,21.340000
544.488000,10.980000,24.170000
550.044000,9.510000,26.480000,20.790000
555.600000,15.300000,22.020000
559.304000,12.050000,23.610000
572.268000,14.110000,20.950000,20.490000
574.120000,13.870000,20.100000
583.380000,16.110000,19.310000
600.048000,13.420000,16.340000
609.308000,14.670000,16.380000
624.124000,5.120000,11.460000
631.532000,3.820000,17.500000
638.940000,10.210000,16.470000,15.200000
650.052000,10.560000,15.640000,18.160000
668.572000,12.790000,16.650000,14.160000
675.980000,12.800000,19.930000
683.388000,12.510000,14.290000
692.648000,11.920000,14.230000
713.020000,15.400000,14.810000
722.280000,13.890000,10.960000
729.688000,14.290000,11.140000
735.244000,16.260000,13.330000
740.800000,14.660000,15.100000
755.616000,11.380000,10.520000
761.172000,12.230000,10.110000
766.728000,13.420000,8.440000,14.830000
770.432000,14.040000,8.440000
781.544000,10.830000,11.270000
787.100000,14.850000,13.190000
788.952000,12.320000,11.450000
792.656000,15.960000,10.870000,13.110000,7.760000
798.212000,12.630000,9.890000,11.110000
816.732000,13.500000,10.580000
818.584000,9.380000,11.270000
824.140000,12.400000,8.820000
825.992000,11.640000,12.340000
833.400000,9.460000,8.530000,10.960000
840.808000,11.380000,12.630000
846.364000,11.890000,10.080000
848.216000,10.810000,12.030000,12.710000
853.772000,12.070000,11.080000
861.180000,13.770000,8.970000
875.996000,13.540000,12.790000
881.552000,11.940000,13.170000,11.100000
888.960000,10.760000,12.680000
890.812000,12.030000,9.720000
894.516000,11.860000,1.300000
905.628000,10.290000,7.450000,11.130000
916.740000,11.720000,10.400000,11.340000
920.444000,12.510000,11.750000
927.852000,11.520000,7.880000,8.690000
933.408000,10.650000,10.890000,10.930000
937.112000,8.190000,8.970000
940.816000,8.070000,9.930000,9.120000
946.372000,7.690000,11.160000
11.112000,45.350000,61.920000,56.350000
12.964000,44.670000,50.180000
14.816000,43.500000,55.000000
38.892000,35.500000,37.260000
46.300000,31.440000,34.090000
74.080000,25.690000,30.670000
77.784000,31.280000,27.640000
85.192000,40.710000,33.760000
94.452000,35.530000,34.350000
100.008000,34.440000,36.670000
137.048000,31.150000,25.220000
142.604000,36.250000,36.690000,25.250000
148.160000,37.120000,31.890000
153.716000,35.050000,25.910000
185.200000,32.040000,26.030000
207.424000,36.400000,15.010000
220.388000,30.150000,21.520000,1.700000
235.204000,25.950000,18.010000
240.760000,28.140000,22.100000
251.872000,21.810000,16.960000,19.870000
255.576000,13.690000,10.580000
312.988000,21.960000,23.470000,24.750000
327.804000,24.390000,22.420000
335.212000,25.720000,25.500000
366.696000,25.250000,14.280000
409.292000,21.410000,26.820000
418.552000,21.550000,23.700000
425.960000,26.690000,24.890000
431.516000,26.220000,21.890000
438.924000,26.220000,24.110000
446.332000,26.470000,26.730000
457.444000,20.390000,24.850000
479.668000,24.460000,26.820000
481.520000,24.270000,20.740000
492.632000,26.470000,18.520000
501.892000,26.210000,23.180000
509.300000,25.740000,25.790000,21.380000
550.044000,26.480000,20.790000
572.268000,20.950000,20.490000
594.492000,20.800000,19.420000,17.680000
605.604000,20.330000,19.170000
613.012000,16.830000,17.150000
633.384000,17.200000,13.810000
638.940000,16.470000,15.200000
668.572000,16.650000,14.160000
681.536000,13.300000,14.120000,11.170000
698.204000,15.070000,12.500000
705.612000,16.780000,16.930000
724.132000,12.510000,14.380000
731.540000,15.350000,16.420000
766.728000,8.440000,14.830000
783.396000,11.040000,9.130000
792.656000,10.870000,13.110000,7.760000
807.472000,10.830000,12.840000,11.230000
833.400000,8.530000,10.960000
835.252000,8.530000,9.970000
848.216000,12.030000,12.710000
859.328000,8.230000,7.140000
881.552000,13.170000,11.100000
905.628000,7.450000,11.130000
916.740000,10.400000,11.340000
922.296000,9.610000,11.260000
933.408000,10.890000,10.930000
940.816000,9.930000,9.120000
985.264000,12.540000,10.230000
1000.080000,16.380000,13.360000
1003.784000,16.280000,9.240000
1020.452000,14.960000,7.650000
1027.860000,14.890000,9.570000
1038.972000,10.250000,8.150000
11.112000,61.920000,56.350000
18.520000,51.550000,44.250000
62.968000,30.990000,29.740000
98.156000,34.350000,33.130000
122.232000,38.950000,31.310000
129.640000,34.780000,33.350000
142.604000,36.690000,25.250000
155.568000,28.380000,26.610000
170.384000,32.170000,29.940000
177.792000,33.050000,28.190000
200.016000,16.990000,16.360000
220.388000,21.520000,1.700000
242.612000,20.640000,18.140000
248.168000,17.520000,15.230000
251.872000,16.960000,19.870000
294.468000,21.600000,12.570000
301.876000,25.620000,18.750000
307.432000,23.960000,17.900000
312.988000,23.470000,24.750000
355.584000,22.430000,22.500000
509.300000,25.790000,21.380000
594.492000,19.420000,17.680000
650.052000,15.640000,18.160000
681.536000,14.120000,11.170000
714.872000,13.130000,11.470000
746.356000,12.800000,10.770000
779.692000,11.700000,10.650000
792.656000,13.110000,7.760000
798.212000,9.890000,11.110000
807.472000,12.840000,11.230000
927.852000,7.880000,8.690000
950.076000,12.170000,10.910000
964.892000,14.310000,8.570000
