152709,-22,1.0
152710,-23,1.0
152711,-22,1.0
152712,-23,1.0
152713,-23,1.0
152714,-23,1.0
152715,-23,1.0
152716,-22,1.0
152717,-23,1.0
152718,-23,1.0
152719,-22,1.0
152720,-22,1.0
152721,-22,1.0
152722,-22,1.0
152724,-21,1.0
152725,-20,1.0
152726,-25,1.0
152727,-24,1.0
152728,-23,1.0
152729,-19,1.0
152730,-19,1.0
152731,-20,1.0
152732,-19,1.0
152733,-19,1.0
152734,-20,1.0
152735,-19,1.0
152736,-19,1.0
152737,-19,1.0
152738,-19,1.0
152739,-18,1.0
152740,-19,1.0
152741,-16,1.0
152742,-16,1.0
152743,-25,1.0
152744,-33,1.0
152745,-23,1.0
152746,-28,1.0
152747,-42,0.971428571429
152748,-38,1.0
152749,-45,0.928571428571
152750,-42,0.971428571429
152751,-40,1.0
152752,-40,1.0
152753,-42,0.971428571429
152754,-42,0.971428571429
152755,-40,1.0
152756,-47,0.9
152757,-48,0.885714285714
152758,-51,0.842857142857
152759,-51,0.842857142857
152800,-48,0.885714285714
152801,-48,0.885714285714
152802,-49,0.871428571429
152803,-56,0.771428571429
152804,-51,0.842857142857
152805,-51,0.842857142857
152806,-55,0.785714285714
152807,-55,0.785714285714
152808,-48,0.885714285714
152809,-54,0.8
152810,-60,0.714285714286
152811,-49,0.871428571429
152812,-51,0.842857142857
152813,-52,0.828571428571
152814,-52,0.828571428571
152815,-52,0.828571428571
152816,-54,0.8
152817,-47,0.9
152818,-42,0.971428571429
152820,-43,0.957142857143
152821,-42,0.971428571429
152822,-43,0.957142857143
152823,-42,0.971428571429
152824,-49,0.871428571429
152825,-55,0.785714285714
152826,-43,0.957142857143
152827,-43,0.957142857143
152828,-48,0.885714285714
152829,-47,0.9
152830,-45,0.928571428571
152831,-53,0.814285714286
152832,-53,0.814285714286
152833,-52,0.828571428571
152834,-56,0.771428571429
152835,-55,0.785714285714
152836,-55,0.785714285714
152837,-50,0.857142857143
152838,-56,0.771428571429
152839,-51,0.842857142857
152840,-51,0.842857142857
152841,-53,0.814285714286
152842,-56,0.771428571429
152843,-56,0.771428571429
152844,-61,0.7
152845,-58,0.742857142857
152846,-66,0.628571428571
152847,-60,0.714285714286
152848,-54,0.8
152849,-55,0.785714285714
152850,-59,0.728571428571
152851,-55,0.785714285714
152852,-50,0.857142857143
152853,-52,0.828571428571
152854,-49,0.871428571429
152855,-51,0.842857142857
152856,-52,0.828571428571
152857,-52,0.828571428571
152858,-51,0.842857142857
152859,-52,0.828571428571
152900,-53,0.814285714286
152901,-55,0.785714285714
152902,-54,0.8
152903,-55,0.785714285714
152904,-55,0.785714285714
152905,-56,0.771428571429
152906,-58,0.742857142857
152907,-56,0.771428571429
152908,-57,0.757142857143
152909,-57,0.757142857143
152910,-58,0.742857142857
152911,-57,0.757142857143
152912,-62,0.685714285714
152913,-62,0.685714285714
152914,-61,0.7
152915,-61,0.7
152917,-63,0.671428571429
152918,-62,0.685714285714
152919,-64,0.657142857143
152920,-63,0.671428571429
152921,-65,0.642857142857
152922,-69,0.585714285714
152923,-65,0.642857142857
152924,-64,0.657142857143
152925,-66,0.628571428571
152926,-66,0.628571428571
152927,-67,0.614285714286
152928,-68,0.6
152929,-65,0.642857142857
152930,-68,0.6
152931,-67,0.614285714286
152932,-70,0.571428571429
152933,-69,0.585714285714
152934,-72,0.542857142857
152935,-71,0.557142857143
152936,-71,0.557142857143
152937,-72,0.542857142857
152938,-72,0.542857142857
152939,-69,0.585714285714
152940,-64,0.657142857143
152941,-69,0.585714285714
152942,-72,0.542857142857
152943,-72,0.542857142857
152944,-67,0.614285714286
152945,-69,0.585714285714
152946,-69,0.585714285714
152947,-67,0.614285714286
152948,-72,0.542857142857
152949,-71,0.557142857143
152950,-69,0.585714285714
152951,-71,0.557142857143
152952,-70,0.571428571429
152953,-64,0.657142857143
152954,-66,0.628571428571
152955,-64,0.657142857143
152956,-63,0.671428571429
152957,-66,0.628571428571
152958,-64,0.657142857143
152959,-63,0.671428571429
153000,-62,0.685714285714
153001,-66,0.628571428571
153002,-69,0.585714285714
153003,-63,0.671428571429
153004,-66,0.628571428571
153005,-66,0.628571428571
153006,-59,0.728571428571
153007,-64,0.657142857143
153008,-63,0.671428571429
153009,-69,0.585714285714
153010,-63,0.671428571429
153011,-65,0.642857142857
153012,-64,0.657142857143
153013,-70,0.571428571429
153014,-70,0.571428571429
153016,-61,0.7
153017,-65,0.642857142857
153018,-64,0.657142857143
153019,-65,0.642857142857
153020,-62,0.685714285714
153021,-62,0.685714285714
153022,-61,0.7
153023,-63,0.671428571429
153024,-63,0.671428571429
153025,-62,0.685714285714
153026,-64,0.657142857143
153027,-63,0.671428571429
153028,-61,0.7
153029,-61,0.7
153030,-61,0.7
153031,-61,0.7
153032,-63,0.671428571429
153033,-62,0.685714285714
153034,-61,0.7
153035,-60,0.714285714286
153036,-60,0.714285714286
153037,-55,0.785714285714
153038,-61,0.7
153039,-60,0.714285714286
153040,-60,0.714285714286
153041,-61,0.7
153042,-62,0.685714285714
153043,-63,0.671428571429
153044,-60,0.714285714286
153045,-59,0.728571428571
153046,-59,0.728571428571
153047,-61,0.7
153048,-61,0.7
153049,-61,0.7
153050,-61,0.7
153051,-60,0.714285714286
153052,-60,0.714285714286
153053,-61,0.7
153054,-61,0.7
153055,-59,0.728571428571
153056,-59,0.728571428571
153057,-63,0.671428571429
153058,-62,0.685714285714
153059,-60,0.714285714286
153100,-60,0.714285714286
153101,-61,0.7
153102,-60,0.714285714286
153103,-58,0.742857142857
153104,-60,0.714285714286
153105,-61,0.7
153106,-63,0.671428571429
153107,-61,0.7
153109,-62,0.685714285714
153110,-60,0.714285714286
153111,-59,0.728571428571
153112,-60,0.714285714286
153113,-58,0.742857142857
153114,-61,0.7
153115,-62,0.685714285714
153116,-61,0.7
153117,-63,0.671428571429
153118,-61,0.7
153119,-60,0.714285714286
153120,-61,0.7
153121,-61,0.7
153122,-61,0.7
153123,-60,0.714285714286
153124,-61,0.7
153125,-64,0.657142857143
153126,-62,0.685714285714
153127,-62,0.685714285714
153128,-62,0.685714285714
153129,-63,0.671428571429
153130,-64,0.657142857143
153131,-60,0.714285714286
153132,-61,0.7
153133,-62,0.685714285714
153134,-67,0.614285714286
153135,-59,0.728571428571
153136,-60,0.714285714286
153137,-60,0.714285714286
153138,-60,0.714285714286
153139,-61,0.7
153140,-61,0.7
153141,-61,0.7
153142,-63,0.671428571429
153143,-61,0.7
153144,-62,0.685714285714
153145,-61,0.7
153146,-59,0.728571428571
153147,-60,0.714285714286
153148,-63,0.671428571429
153149,-64,0.657142857143
153150,-63,0.671428571429
153151,-62,0.685714285714
153152,-62,0.685714285714
153153,-61,0.7
153154,-62,0.685714285714
153155,-62,0.685714285714
153156,-65,0.642857142857
153157,-68,0.6
153158,-62,0.685714285714
153159,-64,0.657142857143
153200,-65,0.642857142857
153201,-62,0.685714285714
153202,-63,0.671428571429
153203,-64,0.657142857143
153204,-66,0.628571428571
153206,-66,0.628571428571
153207,-63,0.671428571429
153208,-63,0.671428571429
153209,-63,0.671428571429
153210,-63,0.671428571429
153211,-67,0.614285714286
153212,-64,0.657142857143
153213,-64,0.657142857143
153214,-67,0.614285714286
153215,-71,0.557142857143
153216,-64,0.657142857143
153217,-61,0.7
153218,-61,0.7
153219,-65,0.642857142857
153220,-65,0.642857142857
153221,-64,0.657142857143
153222,-62,0.685714285714
153223,-62,0.685714285714
153224,-66,0.628571428571
153225,-66,0.628571428571
153226,-63,0.671428571429
153227,-65,0.642857142857
153228,-71,0.557142857143
153229,-67,0.614285714286
153230,-64,0.657142857143
153231,-60,0.714285714286
153232,-60,0.714285714286
153233,-65,0.642857142857
153234,-60,0.714285714286
153235,-59,0.728571428571
153236,-62,0.685714285714
153237,-53,0.814285714286
153238,-60,0.714285714286
153239,-61,0.7
153240,-60,0.714285714286
153241,-65,0.642857142857
153242,-62,0.685714285714
153243,-61,0.7
153244,-59,0.728571428571
153245,-60,0.714285714286
153246,-60,0.714285714286
153247,-60,0.714285714286
153248,-59,0.728571428571
153249,-67,0.614285714286
153250,-64,0.657142857143
153251,-62,0.685714285714
153252,-60,0.714285714286
153253,-66,0.628571428571
153254,-60,0.714285714286
153255,-64,0.657142857143
153256,-66,0.628571428571
153257,-63,0.671428571429
153258,-57,0.757142857143
153259,-62,0.685714285714
153300,-61,0.7
153301,-61,0.7
153302,-61,0.7
153304,-60,0.714285714286
153305,-60,0.714285714286
153306,-61,0.7
153307,-62,0.685714285714
153308,-63,0.671428571429
153309,-60,0.714285714286
153310,-63,0.671428571429
153311,-61,0.7
153312,-61,0.7
153313,-60,0.714285714286
153314,-66,0.628571428571
153315,-64,0.657142857143
153316,-64,0.657142857143
153317,-60,0.714285714286
153318,-60,0.714285714286
153319,-61,0.7
153320,-65,0.642857142857
153321,-65,0.642857142857
153322,-64,0.657142857143
153323,-68,0.6
153324,-65,0.642857142857
153325,-65,0.642857142857
153326,-67,0.614285714286
153327,-62,0.685714285714
153328,-62,0.685714285714
153329,-61,0.7
153330,-67,0.614285714286
153331,-64,0.657142857143
153332,-63,0.671428571429
153333,-64,0.657142857143
153334,-61,0.7
153335,-67,0.614285714286
153336,-69,0.585714285714
153337,-66,0.628571428571
153338,-62,0.685714285714
153339,-69,0.585714285714
153340,-68,0.6
153341,-62,0.685714285714
153342,-61,0.7
153343,-64,0.657142857143
153344,-68,0.6
153345,-65,0.642857142857
153346,-65,0.642857142857
153347,-68,0.6
153348,-71,0.557142857143
153349,-74,0.514285714286
153350,-72,0.542857142857
153351,-77,0.471428571429
153352,-71,0.557142857143
153353,-71,0.557142857143
153354,-71,0.557142857143
153355,-69,0.585714285714
153356,-72,0.542857142857
153357,-71,0.557142857143
153358,-69,0.585714285714
153359,-69,0.585714285714
153400,-69,0.585714285714
153402,-69,0.585714285714
153403,-70,0.571428571429
153404,-68,0.6
153405,-69,0.585714285714
153406,-68,0.6
153407,-69,0.585714285714
153408,-68,0.6
153409,-68,0.6
153410,-69,0.585714285714
153411,-66,0.628571428571
153412,-68,0.6
153413,-71,0.557142857143
153414,-68,0.6
153415,-68,0.6
153416,-68,0.6
153417,-68,0.6
153418,-67,0.614285714286
153419,-67,0.614285714286
153420,-67,0.614285714286
153421,-67,0.614285714286
153422,-69,0.585714285714
153423,-66,0.628571428571
153424,-69,0.585714285714
153425,-70,0.571428571429
153426,-69,0.585714285714
153427,-70,0.571428571429
153428,-66,0.628571428571
153429,-67,0.614285714286
153430,-67,0.614285714286
153431,-70,0.571428571429
153432,-65,0.642857142857
153433,-63,0.671428571429
153434,-64,0.657142857143
153435,-63,0.671428571429
153436,-62,0.685714285714
153437,-68,0.6
153438,-64,0.657142857143
153439,-63,0.671428571429
153440,-67,0.614285714286
153441,-69,0.585714285714
153442,-64,0.657142857143
153443,-63,0.671428571429
153444,-63,0.671428571429
153445,-64,0.657142857143
153446,-65,0.642857142857
153447,-68,0.6
153448,-73,0.528571428571
153449,-72,0.542857142857
153450,-68,0.6
153451,-66,0.628571428571
153452,-65,0.642857142857
153453,-65,0.642857142857
153454,-65,0.642857142857
153455,-64,0.657142857143
153456,-66,0.628571428571
153457,-65,0.642857142857
153459,-63,0.671428571429
153500,-65,0.642857142857
153501,-65,0.642857142857
153502,-64,0.657142857143
153503,-62,0.685714285714
153504,-66,0.628571428571
153505,-68,0.6
153506,-70,0.571428571429
153507,-70,0.571428571429
153508,-67,0.614285714286
153509,-68,0.6
153510,-68,0.6
153511,-63,0.671428571429
153512,-64,0.657142857143
153513,-69,0.585714285714
153514,-64,0.657142857143
153515,-71,0.557142857143
153516,-69,0.585714285714
153517,-69,0.585714285714
153518,-68,0.6
153519,-69,0.585714285714
153520,-70,0.571428571429
153521,-71,0.557142857143
153522,-68,0.6
153523,-71,0.557142857143
153524,-71,0.557142857143
153525,-69,0.585714285714
153526,-70,0.571428571429
153527,-70,0.571428571429
153528,-71,0.557142857143
153529,-68,0.6
153530,-66,0.628571428571
153531,-69,0.585714285714
153532,-67,0.614285714286
153533,-73,0.528571428571
153534,-74,0.514285714286
153535,-73,0.528571428571
153536,-69,0.585714285714
153537,-73,0.528571428571
153538,-73,0.528571428571
153539,-69,0.585714285714
153540,-67,0.614285714286
153541,-68,0.6
153542,-68,0.6
153543,-69,0.585714285714
153544,-73,0.528571428571
153545,-72,0.542857142857
153546,-74,0.514285714286
153547,-71,0.557142857143
153548,-72,0.542857142857
153549,-70,0.571428571429
153550,-70,0.571428571429
153551,-68,0.6
153552,-70,0.571428571429
153553,-72,0.542857142857
153554,-70,0.571428571429
153556,-69,0.585714285714
153557,-68,0.6
153558,-72,0.542857142857
153559,-69,0.585714285714
153600,-68,0.6
153601,-63,0.671428571429
153602,-67,0.614285714286
153603,-68,0.6
153604,-75,0.5
153605,-75,0.5
153606,-68,0.6
153607,-68,0.6
153608,-65,0.642857142857
153609,-65,0.642857142857
153610,-66,0.628571428571
153611,-65,0.642857142857
153612,-64,0.657142857143
153613,-65,0.642857142857
153614,-65,0.642857142857
153615,-63,0.671428571429
153616,-63,0.671428571429
153617,-64,0.657142857143
153618,-64,0.657142857143
153619,-63,0.671428571429
153620,-64,0.657142857143
153621,-64,0.657142857143
153622,-65,0.642857142857
153623,-65,0.642857142857
153624,-64,0.657142857143
153625,-65,0.642857142857
153626,-63,0.671428571429
153627,-64,0.657142857143
153628,-65,0.642857142857
153629,-63,0.671428571429
153630,-66,0.628571428571
153631,-63,0.671428571429
153632,-64,0.657142857143
153633,-62,0.685714285714
153634,-68,0.6
153635,-69,0.585714285714
153636,-68,0.6
153637,-70,0.571428571429
153638,-70,0.571428571429
153639,-70,0.571428571429
153640,-68,0.6
153641,-69,0.585714285714
153642,-69,0.585714285714
153643,-75,0.5
153644,-75,0.5
153645,-71,0.557142857143
153646,-70,0.571428571429
153647,-69,0.585714285714
153648,-71,0.557142857143
153649,-70,0.571428571429
153650,-70,0.571428571429
153651,-66,0.628571428571
153652,-74,0.514285714286
153654,-74,0.514285714286
153655,-72,0.542857142857
153656,-72,0.542857142857
153657,-73,0.528571428571
153658,-65,0.642857142857
153659,-65,0.642857142857
153700,-68,0.6
153701,-67,0.614285714286
153702,-69,0.585714285714
153703,-66,0.628571428571
153704,-66,0.628571428571
153705,-67,0.614285714286
153706,-65,0.642857142857
153707,-68,0.6
153708,-71,0.557142857143
153709,-73,0.528571428571
153710,-72,0.542857142857
153711,-68,0.6
153712,-67,0.614285714286
153713,-67,0.614285714286
153714,-70,0.571428571429
153715,-71,0.557142857143
153716,-70,0.571428571429
153717,-67,0.614285714286
153718,-67,0.614285714286
153719,-68,0.6
153720,-64,0.657142857143
153721,-66,0.628571428571
153722,-67,0.614285714286
153723,-66,0.628571428571
153724,-67,0.614285714286
153725,-67,0.614285714286
153726,-65,0.642857142857
153727,-65,0.642857142857
153728,-68,0.6
153729,-66,0.628571428571
153730,-66,0.628571428571
153731,-66,0.628571428571
153732,-66,0.628571428571
153733,-68,0.6
153734,-72,0.542857142857
153735,-67,0.614285714286
153736,-66,0.628571428571
153737,-68,0.6
153738,-66,0.628571428571
153739,-67,0.614285714286
153740,-68,0.6
153741,-66,0.628571428571
153742,-66,0.628571428571
153743,-73,0.528571428571
153744,-69,0.585714285714
153745,-67,0.614285714286
153746,-70,0.571428571429
153747,-69,0.585714285714
153748,-66,0.628571428571
153749,-68,0.6
153750,-69,0.585714285714
153751,-66,0.628571428571
153752,-67,0.614285714286
153754,-69,0.585714285714
153755,-67,0.614285714286
153756,-67,0.614285714286
153757,-70,0.571428571429
153758,-71,0.557142857143
153759,-68,0.6
153800,-69,0.585714285714
153801,-65,0.642857142857
153802,-66,0.628571428571
153803,-67,0.614285714286
153804,-69,0.585714285714
153805,-67,0.614285714286
153806,-69,0.585714285714
153807,-68,0.6
153808,-66,0.628571428571
153809,-66,0.628571428571
153810,-67,0.614285714286
153811,-68,0.6
153812,-77,0.471428571429
153813,-74,0.514285714286
153814,-67,0.614285714286
153815,-68,0.6
153816,-69,0.585714285714
153817,-67,0.614285714286
153818,-65,0.642857142857
153819,-67,0.614285714286
153820,-65,0.642857142857
153821,-69,0.585714285714
153822,-67,0.614285714286
153823,-68,0.6
153824,-74,0.514285714286
153825,-70,0.571428571429
153826,-68,0.6
153827,-71,0.557142857143
153828,-67,0.614285714286
153829,-68,0.6
153830,-66,0.628571428571
153831,-68,0.6
153832,-68,0.6
153833,-67,0.614285714286
153834,-72,0.542857142857
153835,-71,0.557142857143
153836,-69,0.585714285714
153837,-70,0.571428571429
153838,-71,0.557142857143
153839,-66,0.628571428571
153840,-67,0.614285714286
153841,-67,0.614285714286
153842,-67,0.614285714286
153843,-73,0.528571428571
153844,-70,0.571428571429
153845,-71,0.557142857143
153846,-68,0.6
153847,-67,0.614285714286
153848,-66,0.628571428571
153849,-68,0.6
153850,-67,0.614285714286
153852,-72,0.542857142857
153853,-69,0.585714285714
153854,-68,0.6
153855,-69,0.585714285714
153856,-73,0.528571428571
153857,-73,0.528571428571
153858,-72,0.542857142857
153859,-72,0.542857142857
153900,-68,0.6
153901,-66,0.628571428571
153902,-71,0.557142857143
153903,-67,0.614285714286
153904,-70,0.571428571429
153905,-68,0.6
153906,-72,0.542857142857
153907,-70,0.571428571429
153908,-70,0.571428571429
153909,-68,0.6
153910,-69,0.585714285714
153911,-67,0.614285714286
153912,-68,0.6
153913,-68,0.6
153914,-66,0.628571428571
153915,-67,0.614285714286
153916,-68,0.6
153917,-67,0.614285714286
153918,-72,0.542857142857
153919,-66,0.628571428571
153920,-66,0.628571428571
153921,-68,0.6
153922,-69,0.585714285714
153923,-68,0.6
153924,-66,0.628571428571
153925,-70,0.571428571429
153926,-70,0.571428571429
153927,-66,0.628571428571
153928,-67,0.614285714286
153929,-69,0.585714285714
153930,-70,0.571428571429
153931,-67,0.614285714286
153932,-68,0.6
153933,-68,0.6
153934,-68,0.6
153935,-69,0.585714285714
153936,-68,0.6
153937,-70,0.571428571429
153938,-70,0.571428571429
153939,-67,0.614285714286
153940,-70,0.571428571429
153941,-68,0.6
153942,-67,0.614285714286
153943,-73,0.528571428571
153944,-71,0.557142857143
153945,-69,0.585714285714
153946,-70,0.571428571429
153947,-69,0.585714285714
153949,-68,0.6
153950,-71,0.557142857143
153951,-68,0.6
153952,-70,0.571428571429
153953,-73,0.528571428571
153954,-69,0.585714285714
153955,-68,0.6
153956,-69,0.585714285714
153957,-70,0.571428571429
153958,-70,0.571428571429
153959,-70,0.571428571429
154000,-68,0.6
154001,-71,0.557142857143
154002,-70,0.571428571429
154003,-68,0.6
154004,-68,0.6
154005,-72,0.542857142857
154006,-72,0.542857142857
154007,-72,0.542857142857
154008,-69,0.585714285714
154009,-70,0.571428571429
154010,-68,0.6
154011,-68,0.6
154012,-71,0.557142857143
154013,-71,0.557142857143
154014,-74,0.514285714286
154015,-78,0.457142857143
154016,-76,0.485714285714
154017,-76,0.485714285714
154018,-70,0.571428571429
154019,-72,0.542857142857
154020,-70,0.571428571429
154021,-70,0.571428571429
154022,-72,0.542857142857
154023,-74,0.514285714286
154024,-74,0.514285714286
154025,-76,0.485714285714
154026,-70,0.571428571429
154027,-74,0.514285714286
154028,-74,0.514285714286
154029,-74,0.514285714286
154030,-71,0.557142857143
154031,-71,0.557142857143
154032,-72,0.542857142857
154033,-72,0.542857142857
154034,-69,0.585714285714
154035,-71,0.557142857143
154036,-70,0.571428571429
154037,-70,0.571428571429
154038,-71,0.557142857143
154039,-70,0.571428571429
154040,-69,0.585714285714
154041,-68,0.6
154042,-69,0.585714285714
154043,-70,0.571428571429
154045,-75,0.5
154046,-70,0.571428571429
154047,-71,0.557142857143
154048,-70,0.571428571429
154049,-70,0.571428571429
154050,-70,0.571428571429
154051,-72,0.542857142857
154052,-73,0.528571428571
154053,-70,0.571428571429
154054,-70,0.571428571429
154055,-69,0.585714285714
154056,-72,0.542857142857
154057,-72,0.542857142857
154058,-72,0.542857142857
154059,-73,0.528571428571
154100,-70,0.571428571429
154101,-71,0.557142857143
154102,-73,0.528571428571
154103,-68,0.6
154104,-72,0.542857142857
154105,-70,0.571428571429
154106,-71,0.557142857143
154107,-74,0.514285714286
154108,-74,0.514285714286
154109,-74,0.514285714286
154110,-72,0.542857142857
154111,-74,0.514285714286
154112,-73,0.528571428571
154113,-74,0.514285714286
154114,-72,0.542857142857
154115,-73,0.528571428571
154116,-72,0.542857142857
154117,-73,0.528571428571
154118,-73,0.528571428571
154119,-70,0.571428571429
154120,-72,0.542857142857
154121,-77,0.471428571429
154122,-75,0.5
154123,-70,0.571428571429
154124,-75,0.5
154125,-71,0.557142857143
154126,-69,0.585714285714
154127,-70,0.571428571429
154128,-70,0.571428571429
154129,-70,0.571428571429
154130,-71,0.557142857143
154131,-69,0.585714285714
154132,-70,0.571428571429
154133,-70,0.571428571429
154134,-70,0.571428571429
154135,-73,0.528571428571
154136,-75,0.5
154137,-76,0.485714285714
154138,-71,0.557142857143
154139,-71,0.557142857143
154141,-73,0.528571428571
154142,-70,0.571428571429
154143,-73,0.528571428571
154144,-71,0.557142857143
154145,-69,0.585714285714
154146,-69,0.585714285714
154147,-72,0.542857142857
154148,-72,0.542857142857
154149,-68,0.6
154150,-69,0.585714285714
154151,-72,0.542857142857
154152,-72,0.542857142857
154153,-69,0.585714285714
154154,-70,0.571428571429
154155,-71,0.557142857143
154156,-71,0.557142857143
154157,-72,0.542857142857
154158,-72,0.542857142857
154159,-72,0.542857142857
154200,-72,0.542857142857
154201,-70,0.571428571429
154202,-70,0.571428571429
154203,-70,0.571428571429
154204,-68,0.6
154205,-71,0.557142857143
154206,-70,0.571428571429
154207,-70,0.571428571429
154208,-71,0.557142857143
154209,-72,0.542857142857
154210,-69,0.585714285714
154211,-70,0.571428571429
154212,-73,0.528571428571
154213,-71,0.557142857143
154214,-69,0.585714285714
154215,-67,0.614285714286
154216,-72,0.542857142857
154217,-68,0.6
154218,-70,0.571428571429
154219,-70,0.571428571429
154220,-70,0.571428571429
154221,-72,0.542857142857
154222,-69,0.585714285714
154223,-72,0.542857142857
154224,-72,0.542857142857
154225,-70,0.571428571429
154226,-73,0.528571428571
154227,-69,0.585714285714
154228,-71,0.557142857143
154229,-70,0.571428571429
154230,-69,0.585714285714
154231,-71,0.557142857143
154232,-71,0.557142857143
154233,-72,0.542857142857
154234,-72,0.542857142857
154236,-70,0.571428571429
154237,-69,0.585714285714
154238,-71,0.557142857143
154239,-71,0.557142857143
154240,-68,0.6
154241,-70,0.571428571429
154242,-70,0.571428571429
154243,-70,0.571428571429
154244,-70,0.571428571429
154245,-68,0.6
154246,-72,0.542857142857
154247,-70,0.571428571429
154248,-71,0.557142857143
154249,-68,0.6
154250,-71,0.557142857143
154251,-68,0.6
154252,-72,0.542857142857
154253,-71,0.557142857143
154254,-72,0.542857142857
154255,-68,0.6
154256,-72,0.542857142857
154257,-71,0.557142857143
154258,-71,0.557142857143
154259,-69,0.585714285714
154300,-72,0.542857142857
154301,-73,0.528571428571
154302,-71,0.557142857143
154303,-73,0.528571428571
154304,-71,0.557142857143
154305,-70,0.571428571429
154306,-69,0.585714285714
154307,-67,0.614285714286
154308,-69,0.585714285714
154309,-74,0.514285714286
154310,-68,0.6
154311,-67,0.614285714286
154312,-69,0.585714285714
154313,-69,0.585714285714
154314,-66,0.628571428571
154315,-69,0.585714285714
154316,-69,0.585714285714
154317,-73,0.528571428571
154318,-72,0.542857142857
154319,-72,0.542857142857
154320,-69,0.585714285714
154321,-70,0.571428571429
154322,-68,0.6
154323,-70,0.571428571429
154324,-70,0.571428571429
154325,-72,0.542857142857
154326,-68,0.6
154327,-69,0.585714285714
154328,-71,0.557142857143
154329,-70,0.571428571429
154330,-70,0.571428571429
154331,-71,0.557142857143
154332,-71,0.557142857143
154333,-69,0.585714285714
154334,-67,0.614285714286
154335,-68,0.6
154337,-66,0.628571428571
154338,-68,0.6
154339,-69,0.585714285714
154340,-71,0.557142857143
154341,-75,0.5
154342,-73,0.528571428571
154343,-75,0.5
154344,-69,0.585714285714
154345,-69,0.585714285714
154346,-70,0.571428571429
154347,-69,0.585714285714
154348,-70,0.571428571429
154349,-73,0.528571428571
154350,-70,0.571428571429
154351,-77,0.471428571429
154352,-69,0.585714285714
154353,-73,0.528571428571
154354,-70,0.571428571429
154355,-74,0.514285714286
154356,-76,0.485714285714
154357,-74,0.514285714286
154358,-74,0.514285714286
154359,-71,0.557142857143
154400,-70,0.571428571429
154401,-71,0.557142857143
154402,-71,0.557142857143
154403,-71,0.557142857143
154404,-70,0.571428571429
154405,-71,0.557142857143
154406,-74,0.514285714286
154407,-79,0.442857142857
154408,-78,0.457142857143
154409,-72,0.542857142857
154410,-74,0.514285714286
154411,-72,0.542857142857
154412,-71,0.557142857143
154413,-70,0.571428571429
154414,-70,0.571428571429
154415,-74,0.514285714286
154416,-72,0.542857142857
154417,-71,0.557142857143
154418,-70,0.571428571429
154419,-71,0.557142857143
154420,-70,0.571428571429
154421,-69,0.585714285714
154422,-73,0.528571428571
154423,-72,0.542857142857
154424,-75,0.5
154425,-73,0.528571428571
154426,-73,0.528571428571
154427,-70,0.571428571429
154428,-76,0.485714285714
154429,-75,0.5
154430,-74,0.514285714286
154431,-70,0.571428571429
154432,-75,0.5
154433,-72,0.542857142857
154434,-72,0.542857142857
154436,-74,0.514285714286
154437,-78,0.457142857143
154438,-75,0.5
154439,-75,0.5
154440,-76,0.485714285714
154441,-74,0.514285714286
154442,-75,0.5
154443,-75,0.5
154444,-75,0.5
154445,-75,0.5
154446,-86,0.342857142857
154447,-73,0.528571428571
154448,-75,0.5
154449,-71,0.557142857143
154450,-71,0.557142857143
154451,-75,0.5
154452,-71,0.557142857143
154453,-70,0.571428571429
154454,-72,0.542857142857
154455,-77,0.471428571429
154456,-75,0.5
154457,-75,0.5
154458,-75,0.5
154459,-72,0.542857142857
154500,-75,0.5
154501,-78,0.457142857143
154502,-82,0.4
154503,-77,0.471428571429
154504,-77,0.471428571429
154505,-74,0.514285714286
154506,-73,0.528571428571
154507,-73,0.528571428571
154508,-73,0.528571428571
154509,-72,0.542857142857
154510,-73,0.528571428571
154511,-74,0.514285714286
154512,-72,0.542857142857
154513,-85,0.357142857143
154514,-75,0.5
154515,-79,0.442857142857
154516,-79,0.442857142857
154517,-76,0.485714285714
154518,-74,0.514285714286
154519,-74,0.514285714286
154520,-75,0.5
154521,-74,0.514285714286
154522,-74,0.514285714286
154523,-73,0.528571428571
154524,-80,0.428571428571
154525,-76,0.485714285714
154526,-88,0.314285714286
154527,-74,0.514285714286
154528,-75,0.5
154529,-73,0.528571428571
154531,-75,0.5
154532,-77,0.471428571429
154533,-79,0.442857142857
154534,-73,0.528571428571
154535,-75,0.5
154536,-74,0.514285714286
154537,-74,0.514285714286
154538,-73,0.528571428571
154539,-73,0.528571428571
154540,-76,0.485714285714
154541,-75,0.5
154542,-73,0.528571428571
154543,-72,0.542857142857
154544,-73,0.528571428571
154545,-79,0.442857142857
154546,-73,0.528571428571
154547,-79,0.442857142857
154548,-75,0.5
154549,-74,0.514285714286
154550,-77,0.471428571429
154551,-76,0.485714285714
154552,-73,0.528571428571
154553,-75,0.5
154554,-76,0.485714285714
154555,-73,0.528571428571
154556,-74,0.514285714286
154557,-74,0.514285714286
154558,-74,0.514285714286
154559,-74,0.514285714286
154600,-75,0.5
154601,-75,0.5
154602,-78,0.457142857143
154603,-76,0.485714285714
154604,-75,0.5
154605,-81,0.414285714286
154606,-77,0.471428571429
154607,-77,0.471428571429
154608,-77,0.471428571429
154609,-73,0.528571428571
154610,-74,0.514285714286
154611,-74,0.514285714286
154612,-75,0.5
154613,-75,0.5
154614,-75,0.5
154615,-75,0.5
154616,-77,0.471428571429
154617,-78,0.457142857143
154618,-76,0.485714285714
154619,-76,0.485714285714
154620,-75,0.5
154621,-75,0.5
154622,-76,0.485714285714
154623,-80,0.428571428571
154625,-77,0.471428571429
154626,-79,0.442857142857
154627,-79,0.442857142857
154628,-77,0.471428571429
154629,-75,0.5
154630,-76,0.485714285714
154631,-74,0.514285714286
154632,-76,0.485714285714
154633,-82,0.4
154634,-80,0.428571428571
154635,-77,0.471428571429
154636,-77,0.471428571429
154637,-77,0.471428571429
154638,-76,0.485714285714
154639,-77,0.471428571429
154640,-75,0.5
154641,-76,0.485714285714
154642,-75,0.5
154643,-75,0.5
154644,-77,0.471428571429
154645,-78,0.457142857143
154646,-78,0.457142857143
154647,-82,0.4
154648,-81,0.414285714286
154649,-76,0.485714285714
154650,-77,0.471428571429
154651,-77,0.471428571429
154652,-75,0.5
154653,-75,0.5
154654,-79,0.442857142857
154655,-76,0.485714285714
154656,-77,0.471428571429
154657,-76,0.485714285714
154658,-76,0.485714285714
154659,-74,0.514285714286
154700,-73,0.528571428571
154701,-75,0.5
154702,-75,0.5
154703,-78,0.457142857143
154704,-78,0.457142857143
154705,-77,0.471428571429
154706,-84,0.371428571429
154707,-79,0.442857142857
154708,-76,0.485714285714
154709,-79,0.442857142857
154710,-79,0.442857142857
154711,-78,0.457142857143
154712,-82,0.4
154713,-82,0.4
154714,-82,0.4
154715,-76,0.485714285714
154716,-82,0.4
154717,-78,0.457142857143
154718,-78,0.457142857143
154719,-81,0.414285714286
154720,-80,0.428571428571
154722,-77,0.471428571429
154723,-77,0.471428571429
154724,-82,0.4
154725,-80,0.428571428571
154726,-77,0.471428571429
154727,-76,0.485714285714
154728,-78,0.457142857143
154729,-77,0.471428571429
154730,-77,0.471428571429
154731,-78,0.457142857143
154732,-76,0.485714285714
154733,-76,0.485714285714
154734,-78,0.457142857143
154735,-76,0.485714285714
154736,-85,0.357142857143
154737,-85,0.357142857143
154738,-75,0.5
154739,-75,0.5
154740,-76,0.485714285714
154741,-76,0.485714285714
154742,-77,0.471428571429
154743,-81,0.414285714286
154744,-83,0.385714285714
154745,-79,0.442857142857
154746,-81,0.414285714286
154747,-80,0.428571428571
154748,-84,0.371428571429
154749,-84,0.371428571429
154750,-79,0.442857142857
154751,-76,0.485714285714
154752,-76,0.485714285714
154753,-76,0.485714285714
154754,-78,0.457142857143
154755,-76,0.485714285714
154756,-76,0.485714285714
154757,-74,0.514285714286
154758,-74,0.514285714286
154759,-75,0.5
154800,-75,0.5
154801,-81,0.414285714286
154802,-79,0.442857142857
154803,-85,0.357142857143
154804,-77,0.471428571429
154805,-75,0.5
154806,-73,0.528571428571
154807,-82,0.4
154808,-77,0.471428571429
154809,-77,0.471428571429
154810,-77,0.471428571429
154811,-79,0.442857142857
154812,-79,0.442857142857
154813,-80,0.428571428571
154814,-82,0.4
154815,-79,0.442857142857
154816,-81,0.414285714286
154818,-79,0.442857142857
154819,-81,0.414285714286
154820,-81,0.414285714286
154821,-84,0.371428571429
154822,-78,0.457142857143
154823,-78,0.457142857143
154824,-78,0.457142857143
154825,-79,0.442857142857
154826,-78,0.457142857143
154827,-79,0.442857142857
154828,-91,0.271428571429
154829,-81,0.414285714286
154830,-83,0.385714285714
154831,-85,0.357142857143
154832,-82,0.4
154833,-82,0.4
154834,-85,0.357142857143
154835,-77,0.471428571429
154836,-79,0.442857142857
154837,-76,0.485714285714
154838,-78,0.457142857143
154839,-82,0.4
154840,-84,0.371428571429
154841,-81,0.414285714286
154842,-81,0.414285714286
154843,-81,0.414285714286
154844,-81,0.414285714286
154845,-78,0.457142857143
154846,-77,0.471428571429
154847,-84,0.371428571429
154848,-84,0.371428571429
154849,-83,0.385714285714
154850,-80,0.428571428571
154851,-80,0.428571428571
154852,-79,0.442857142857
154853,-81,0.414285714286
154854,-82,0.4
154855,-83,0.385714285714
154856,-81,0.414285714286
154857,-83,0.385714285714
154858,-83,0.385714285714
154859,-83,0.385714285714
154900,,
154901,,
154902,,
154903,,
154904,,
154905,,
154906,,
154907,,
154908,,
154909,,
154911,,
154912,,
154913,,
154914,,
154915,,
154916,,
154917,,
154918,-3 ,1.0
154919,-3 ,1.0
154920,-4 ,1.0
154921,-1 ,1.0
154922,-2 ,1.0
154923,-28,1.0
154924,-2 ,1.0
154925,-2 ,1.0
154926,-2 ,1.0
154927,-2 ,1.0
154928,-4 ,1.0
154929,-2 ,1.0
154930,-2 ,1.0
154931,-1 ,1.0
154932,-13,1.0
154933,-2 ,1.0
154934,-1 ,1.0
154935,-2 ,1.0
154936,-3 ,1.0
154937,-2 ,1.0
154938,-8 ,1.0
154939,-9 ,1.0
154940,-7 ,1.0
154941,-7 ,1.0
154942,-17,1.0
154943,-11,1.0
154944,-15,1.0
154945,-12,1.0
154946,-15,1.0
154947,-8 ,1.0
154948,-8 ,1.0
154949,-9 ,1.0
154950,-9 ,1.0
154951,-18,1.0
154952,-11,1.0
154953,-9 ,1.0
154954,-11,1.0
154955,-15,1.0
154956,-16,1.0
154957,-8 ,1.0
154958,-10,1.0
154959,-15,1.0
155000,-8 ,1.0
155001,-29,1.0
155002,-10,1.0
155003,-18,1.0
155004,-11,1.0
155006,-9 ,1.0
155007,-8 ,1.0
155008,-9 ,1.0
155009,-7 ,1.0
155010,-14,1.0
155011,-10,1.0
155012,-10,1.0
155013,-16,1.0
155014,-17,1.0
155015,-7 ,1.0
155016,-10,1.0
155017,-16,1.0
155018,-7 ,1.0
155019,-11,1.0
155020,-12,1.0
155021,-11,1.0
155022,-18,1.0
155023,-17,1.0
155024,-9 ,1.0
155025,-5 ,1.0
155026,-11,1.0
155027,-10,1.0
155028,-9 ,1.0
155029,-8 ,1.0
155030,-9 ,1.0
155031,-15,1.0
155032,-8 ,1.0
155033,-11,1.0
155034,-13,1.0
155035,-11,1.0
155036,-14,1.0
155037,-11,1.0
155038,-18,1.0
155039,-9 ,1.0
155040,-11,1.0
155041,-12,1.0
155042,-16,1.0
155043,-9 ,1.0
155044,-17,1.0
155045,-13,1.0
155046,-9 ,1.0
155047,-11,1.0
155048,-9 ,1.0
155049,-16,1.0
155050,-15,1.0
155051,-8 ,1.0
155052,-16,1.0
155053,-16,1.0
155054,-13,1.0
155055,-13,1.0
155056,-10,1.0
155057,-17,1.0
155058,-9 ,1.0
155059,-15,1.0
155100,-10,1.0
155101,-10,1.0
155102,-9 ,1.0
155104,-18,1.0
155105,-16,1.0
155106,-11,1.0
155107,-12,1.0
155108,-13,1.0
155109,-9 ,1.0
155110,-8 ,1.0
155111,-10,1.0
155112,-10,1.0
155113,-10,1.0
155114,-12,1.0
155115,-9 ,1.0
155116,-9 ,1.0
155117,-7 ,1.0
155118,-12,1.0
155119,-10,1.0
155120,-4 ,1.0
155121,-12,1.0
155122,-10,1.0
155123,-10,1.0
155124,-10,1.0
155125,-17,1.0
155126,-17,1.0
155127,-9 ,1.0
155128,-6 ,1.0
155129,-10,1.0
155130,-17,1.0
155131,-11,1.0
155132,-16,1.0
155133,-10,1.0
155134,-17,1.0
155135,-7 ,1.0
155136,-11,1.0
155137,-8 ,1.0
155138,-10,1.0
155139,-10,1.0
155140,-11,1.0
155141,-12,1.0
155142,-10,1.0
155143,-11,1.0
155144,-11,1.0
155145,-8 ,1.0
155146,-10,1.0
155147,-9 ,1.0
155148,-10,1.0
155149,-10,1.0
155150,-10,1.0
155151,-10,1.0
155152,-10,1.0
155153,-10,1.0
155154,-9 ,1.0
155156,-17,1.0
155157,-15,1.0
155158,-10,1.0
155159,-8 ,1.0
155200,-8 ,1.0
155201,-11,1.0
155202,-10,1.0
155203,-11,1.0
155204,-13,1.0
155205,-8 ,1.0
155206,-10,1.0
155207,-8 ,1.0
155208,-10,1.0
155209,-10,1.0
155210,-10,1.0
155211,-16,1.0
155212,-11,1.0
155213,-9 ,1.0
155214,-10,1.0
155215,-9 ,1.0
155216,-11,1.0
155217,-12,1.0
155218,-11,1.0
155219,-16,1.0
155220,-11,1.0
155221,-11,1.0
155222,-12,1.0
155223,-11,1.0
155224,-17,1.0
155225,-8 ,1.0
155226,-9 ,1.0
155227,-17,1.0
155228,-17,1.0
155229,-8 ,1.0
155230,-10,1.0
155231,-11,1.0
155232,-16,1.0
155233,-9 ,1.0
155234,-11,1.0
155235,-9 ,1.0
155236,-10,1.0
155237,-8 ,1.0
155238,-10,1.0
155239,-10,1.0
155240,-10,1.0
155241,-17,1.0
155242,-9 ,1.0
155243,-17,1.0
155244,-6 ,1.0
155245,-8 ,1.0
155246,-8 ,1.0
155247,-11,1.0
155248,-9 ,1.0
155249,-9 ,1.0
155250,-11,1.0
155251,-11,1.0
155252,-10,1.0
155254,-16,1.0
155255,-11,1.0
155256,-22,1.0
155257,-16,1.0
155258,-18,1.0
155259,-9 ,1.0
155300,-10,1.0
155301,-5 ,1.0
155302,-9 ,1.0
155303,-10,1.0
155304,-8 ,1.0
155305,-8 ,1.0
155306,-8 ,1.0
155307,-8 ,1.0
155308,-8 ,1.0
155309,-11,1.0
155310,-9 ,1.0
155311,-17,1.0
155312,-16,1.0
155313,-9 ,1.0
155314,-7 ,1.0
155315,-7 ,1.0
155316,-7 ,1.0
155317,-7 ,1.0
155318,-8 ,1.0
155319,-8 ,1.0
155320,-14,1.0
155321,-8 ,1.0
155322,-8 ,1.0
155323,-9 ,1.0
155324,-10,1.0
155325,-8 ,1.0
155326,-8 ,1.0
155327,-15,1.0
155328,-7 ,1.0
155329,-9 ,1.0
155330,-7 ,1.0
155331,-7 ,1.0
155332,-7 ,1.0
155333,-11,1.0
155334,-8 ,1.0
155335,-8 ,1.0
155336,-10,1.0
155337,-10,1.0
155338,-9 ,1.0
155339,-15,1.0
155340,-8 ,1.0
155341,-9 ,1.0
155342,-14,1.0
155343,-7 ,1.0
155344,-8 ,1.0
155345,-9 ,1.0
155346,-16,1.0
155347,-11,1.0
155348,-15,1.0
155349,-11,1.0
155351,-8 ,1.0
155352,-12,1.0
155353,-11,1.0
155354,-7 ,1.0
155355,-8 ,1.0
155356,-8 ,1.0
155357,-16,1.0
155358,-8 ,1.0
155359,-8 ,1.0
155400,-8 ,1.0
155401,-9 ,1.0
155402,-8 ,1.0
155403,-10,1.0
155404,-10,1.0
155405,-11,1.0
155406,-9 ,1.0
155407,-12,1.0
155408,-10,1.0
155409,-10,1.0
155410,-10,1.0
155411,-10,1.0
155412,-9 ,1.0
155413,-9 ,1.0
155414,-8 ,1.0
155415,-8 ,1.0
155416,-14,1.0
155417,-17,1.0
155418,-8 ,1.0
155419,-8 ,1.0
155420,-8 ,1.0
155421,-12,1.0
155422,-1 ,1.0
155423,-11,1.0
155424,-10,1.0
155425,-10,1.0
155426,-26,1.0
155427,-11,1.0
155428,-8 ,1.0
155429,-10,1.0
155430,-18,1.0
155431,-17,1.0
155432,-16,1.0
155433,-9 ,1.0
155434,-14,1.0
155435,-7 ,1.0
155436,-8 ,1.0
155437,-16,1.0
155438,-8 ,1.0
155439,-17,1.0
155440,-9 ,1.0
155441,-15,1.0
155442,-9 ,1.0
155443,-12,1.0
155444,-12,1.0
155445,-9 ,1.0
155446,-8 ,1.0
155447,-8 ,1.0
155449,-10,1.0
155450,-15,1.0
155451,-22,1.0
155452,-9 ,1.0
155453,-16,1.0
155454,-8 ,1.0
155455,-10,1.0
155456,-8 ,1.0
155457,-10,1.0
155458,-12,1.0
155459,-10,1.0
155500,-10,1.0
155501,-10,1.0
155502,-11,1.0
155503,-10,1.0
155504,-12,1.0
155505,-10,1.0
155506,-16,1.0
155507,-9 ,1.0
155508,-18,1.0
155509,-11,1.0
155510,-8 ,1.0
155511,-18,1.0
155512,-16,1.0
155513,-11,1.0
155514,-9 ,1.0
155515,-36,1.0
155516,-14,1.0
155517,-13,1.0
155518,-8 ,1.0
155519,-10,1.0
155520,-8 ,1.0
155521,-16,1.0
155522,-16,1.0
155523,-8 ,1.0
155524,-10,1.0
155525,-8 ,1.0
155526,-16,1.0
155527,-9 ,1.0
155528,-16,1.0
155529,-11,1.0
155530,-10,1.0
155531,-16,1.0
155532,-8 ,1.0
155533,-18,1.0
155534,-11,1.0
155535,-16,1.0
155536,-16,1.0
155537,-17,1.0
155538,-8 ,1.0
155539,-9 ,1.0
155540,-9 ,1.0
155541,-9 ,1.0
155542,-8 ,1.0
155543,-12,1.0
155544,-9 ,1.0
155545,-7 ,1.0
155546,-10,1.0
155547,-9 ,1.0
155548,-11,1.0
155550,-10,1.0
155551,-8 ,1.0
155552,-9 ,1.0
155553,-10,1.0
155554,-9 ,1.0
155555,-11,1.0
155556,-8 ,1.0
155557,-8 ,1.0
155558,-15,1.0
155559,-8 ,1.0
155600,-7 ,1.0
155601,-12,1.0
155602,-13,1.0
155603,-10,1.0
155604,-10,1.0
155605,-8 ,1.0
155606,-10,1.0
155607,-17,1.0
155608,-12,1.0
155609,-11,1.0
155610,-10,1.0
155611,-11,1.0
155612,-9 ,1.0
155613,-9 ,1.0
155614,-8 ,1.0
155615,-9 ,1.0
155616,-7 ,1.0
155617,-8 ,1.0
155618,-11,1.0
155619,-10,1.0
155620,-11,1.0
155621,-10,1.0
155622,-9 ,1.0
155623,-9 ,1.0
155624,-8 ,1.0
155625,-10,1.0
155626,-10,1.0
155627,-12,1.0
155628,-10,1.0
155629,-17,1.0
155630,-10,1.0
155631,-10,1.0
155632,-18,1.0
155633,-12,1.0
155634,-13,1.0
155635,-15,1.0
155636,-10,1.0
155637,-9 ,1.0
155638,-9 ,1.0
155639,-10,1.0
155640,-16,1.0
155641,-15,1.0
155642,-11,1.0
155643,-10,1.0
155644,-10,1.0
155645,-15,1.0
155646,-17,1.0
155647,-10,1.0
155648,-17,1.0
155650,-8 ,1.0
155651,-16,1.0
155652,-10,1.0
155653,-9 ,1.0
155654,-8 ,1.0
155655,-9 ,1.0
155656,-8 ,1.0
155657,-9 ,1.0
155658,-9 ,1.0
155659,-16,1.0
155700,-12,1.0
155701,-11,1.0
155702,-10,1.0
155703,-12,1.0
155704,-9 ,1.0
155705,-10,1.0
155706,-10,1.0
155707,-16,1.0
155708,-11,1.0
155709,-12,1.0
155710,-10,1.0
155711,-12,1.0
155712,-12,1.0
155713,-16,1.0
155714,-9 ,1.0
